0.92
41.86
82.96
105.91
101.87
105.45
116.32
90.95
127.68
99.50
126.21
94.43
58.19
117.66
107.70
129.02
73.05
125.91
105.51
127.03
106.73
118.02
111.75
92.88
105.41
103.75
135.48
106.98
106.51
126.85
113.98
85.30
114.96
115.48
115.00
102.98
129.27
107.07
122.21
81.84
104.45
110.22
116.16
120.36
104.01
118.46
128.95
115.04
83.70
98.41
110.05
117.65
120.42
109.25
123.42
107.46
122.60
89.78
105.46
105.45
107.95
131.88
74.03
119.32
114.92
122.38
117.80
93.41
83.95
126.35
107.51
127.39
110.71
123.65
110.08
108.61
126.08
75.68
110.20
122.16
118.47
106.57
123.46
103.46
131.73
107.29
115.95
113.82
114.00
83.95
105.41
117.95
103.89
111.10
132.89
113.12
109.83
106.97
125.23
122.50
89.14
84.49
126.52
101.55
122.75
109.74
121.56
120.40
109.12
111.80
124.70
88.73
105.45
105.41
119.40
106.75
127.72
123.23
108.46
123.25
108.96
120.70
99.50
84.01
104.88
124.64
102.18
123.55
126.57
104.00
119.70
128.04
111.86
109.89
123.42
78.53
105.26
108.42
120.88
122.50
115.82
105.72
126.02
110.50
117.00
108.27
110.88
89.30
104.63
104.91
117.77
111.08
131.59
110.01
108.57
117.75
124.54
110.52
106.52
111.11
111.78
82.14
105.01
105.41
112.91
115.29
124.03
104.12
119.05
108.68
109.43
117.57
78.20
105.56
127.29
104.51
124.38
117.00
116.45
107.74
117.65
125.51
94.10
123.70
104.44
91.41
121.20
106.23
127.71
104.93
124.14
115.71
106.53
129.13
116.22
114.70
105.47
112.91
106.97
108.10
104.42
105.45
107.16
125.30
112.64
119.75
108.00
124.94
107.04
121.74
114.77
108.66
117.71
107.08
113.56
88.48
105.59
120.24
107.55
104.94
128.60
106.11
96.07
83.45
113.45
121.84
108.31
125.87
117.29
107.63
104.91
125.50
109.93
117.92
75.28
115.86
117.19
111.50
116.56
126.17
118.63
121.25
112.08
117.64
122.00
92.09
119.00
119.03
96.59
105.28
105.42
109.51
129.03
110.34
116.08
116.29
120.47
106.86
117.41
105.92
107.50
122.43
112.84
84.15
104.45
104.51
118.50
123.91
115.66
101.70
117.57
108.97
77.38
107.22
105.45
126.11
112.39
116.26
115.24
116.67
119.46
107.51
83.95
106.45
127.21
116.86
114.55
129.00
109.00
122.12
117.88
106.18
112.82
129.00
107.14
119.54
104.64
91.63
114.00
109.26
129.04
105.50
118.01
115.23
113.21
127.49
103.98
126.95
101.93
120.52
117.31
91.94
105.12
105.21
123.50
111.50
105.05
118.76
115.86
102.49
125.27
113.50
99.18
85.38
119.91
107.71
110.30
128.01
98.92
113.16
127.50
80.75
113.04
103.73
120.90
119.02
129.00
110.71
122.44
108.84
117.01
136.49
106.06
120.05
103.27
108.32
116.51
121.81
95.04
108.49
128.41
100.42
124.59
110.50
118.77
123.50
105.65
118.93
98.38
118.89
122.02
91.09
105.21
106.01
108.94
131.64
103.29
125.14
108.39
110.02
116.30
108.27
126.11
72.80
105.46
135.19
100.08
124.04
115.48
102.33
113.85
111.82
107.51
104.71
103.68
109.64
117.50
127.22
102.95
123.59
129.00
104.35
82.60
115.94
118.03
122.43
66.70
123.13
127.73
111.50
123.12
114.77
117.29
112.04
120.81
118.14
116.72
105.65
115.86
118.03
109.71
115.48
84.18
104.43
128.10
110.58
104.98
125.32
124.16
112.41
121.09
98.27
109.76
128.78
81.95
125.66
106.93
111.27
111.93
127.91
108.22
102.20
105.52
122.20
121.74
90.76
98.92
106.38
117.11
122.77
125.50
112.50
109.23
112.49
119.01
112.61
121.38
84.07
107.48
126.12
120.15
107.75
111.73
126.12
118.53
119.56
107.15
122.84
121.15
101.04
125.55
113.05
85.73
105.59
105.41
129.75
108.14
127.14
102.99
125.21
120.69
103.57
120.80
117.57
108.51
121.16
106.96
120.87
115.61
90.44
105.24
119.42
90.40
112.08
123.42
116.40
100.38
122.47
124.57
111.85
104.11
113.53
118.14
118.31
92.12
94.92
108.39
127.37
113.66
115.02
129.22
103.11
137.00
103.90
105.37
125.50
112.68
97.36
104.45
110.75
124.54
110.87
125.69
128.88
113.89
109.53
117.90
123.44
118.91
120.42
114.93
99.91
125.95
116.09
109.40
110.72
103.25
108.20
105.45
111.46
124.09
119.16
123.94
109.53
119.23
118.26
115.28
103.47
113.58
128.21
110.25
118.59
81.51
115.41
116.89
115.00
107.81
121.63
113.74
105.01
120.47
106.57
109.19
86.52
82.51
121.00
93.27
109.21
84.09
111.00
99.00
104.73
104.41
107.34
109.85
113.27
95.39
117.70
103.18
100.99
113.99
90.87
84.07
105.41
120.75
108.75
93.70
129.23
111.75
104.76
90.86
128.72
104.28
104.15
119.01
106.41
95.50
104.84
116.44
111.50
110.69
77.02
84.00
95.95
117.00
101.32
101.16
113.93
103.66
105.11
107.43
97.45
105.77
106.67
110.96
102.76
98.89
115.21
108.18
88.39
99.93
109.22
107.81
107.32
96.50
116.31
103.99
106.09
104.79
102.13
93.33
110.74
98.48
107.31
111.41
107.69
83.95
85.70
112.99
99.41
97.17
113.16
108.34
101.07
115.50
110.63
95.36
104.36
111.11
103.46
70.73
119.15
106.79
105.08
116.66
106.13
110.97
114.29
104.19
105.45
115.00
111.00
98.80
113.15
112.13
103.12
106.65
103.10
113.26
94.97
101.14
104.71
103.93
111.06
93.34
109.85
108.23
105.88
111.44
107.82
118.17
96.28
104.04
115.16
107.59
116.64
107.21
99.90
83.95
105.06
105.22
101.56
111.51
118.25
98.56
111.98
104.14
107.00
117.68
98.27
107.50
111.93
116.49
79.72
87.67
105.06
120.67
100.96
95.27
123.75
104.39
96.72
112.48
121.00
111.88
103.44
113.76
106.20
81.98
103.62
92.59
129.25
101.27
118.68
101.64
116.25
110.44
105.69
115.91
112.67
99.42
115.69
106.88
105.21
72.50
104.24
105.24
106.64
97.50
118.13
116.61
110.36
102.99
122.52
98.59
105.29
129.04
101.02
109.70
104.04
115.10
112.77
102.76
113.39
101.09
106.54
109.36
110.44
123.87
81.77
83.95
112.91
125.21
104.76
107.39
110.79
98.50
121.16
96.14
110.98
113.82
97.11
122.95
110.68
104.79
119.52
79.62
84.53
115.75
115.16
104.42
106.42
75.96
115.27
98.08
113.94
102.81
111.00
115.39
110.86
82.75
103.45
93.32
110.18
119.32
107.51
106.00
112.01
121.79
108.65
114.94
98.01
116.27
111.26
96.99
121.11
91.53
114.53
84.80
98.66
113.18
110.43
117.50
107.86
101.51
114.77
107.50
110.54
114.38
113.22
105.48
107.18
98.95
114.19
113.52
113.32
67.45
101.23
109.95
124.76
90.02
122.49
110.74
101.82
107.12
113.86
112.45
118.30
93.30
117.51
116.75
101.54
112.50
105.59
106.34
104.95
89.18
117.86
100.67
113.79
107.26
102.23
113.51
102.19
105.34
113.12
107.02
127.71
67.34
118.91
100.13
99.27
107.48
121.00
107.11
112.22
97.44
112.95
129.00
103.77
103.54
97.80
93.45
115.50
110.48
96.75
76.45
112.20
126.82
106.52
108.05
122.50
104.00
107.07
130.04
111.89
108.51
108.21
111.73
108.67
107.51
103.82
112.62
114.18
109.92
76.78
105.45
112.15
104.23
122.71
106.33
121.01
107.59
107.17
113.01
110.81
112.63
105.95
105.04
114.02
111.83
101.81
104.36
104.95
105.62
115.57
100.30
98.96
114.54
112.20
104.26
104.01
108.33
117.43
108.53
99.04
102.87
125.73
80.89
104.43
94.40
119.11
104.90
102.23
108.38
111.25
106.40
106.04
104.48
122.12
104.79
104.65
112.30
99.61
119.65
77.38
104.71
105.70
124.89
93.38
118.70
118.91
86.00
105.00
115.30
120.93
104.63
101.98
99.79
127.74
105.43
101.21
102.82
118.79
114.23
84.16
83.93
104.43
128.00
110.31
109.90
99.69
112.50
107.53
117.67
108.97
99.50
111.85
124.32
112.72
93.14
112.67
101.39
106.41
114.18
115.65
71.21
103.95
107.27
106.00
114.75
105.23
115.66
112.99
104.25
95.82
128.09
99.50
101.22
118.56
112.21
101.43
105.66
112.85
84.31
91.47
108.40
89.97
113.54
110.36
105.52
111.62
102.74
108.93
113.38
110.46
101.33
79.08
99.77
101.38
111.25
106.12
118.25
116.65
103.00
124.55
99.30
108.74
105.07
113.97
90.54
104.67
84.06
127.00
99.00
114.92
109.29
97.00
120.55
115.14
101.66
107.17
100.94
107.09
107.53
120.48
98.64
121.41
97.74
115.70
113.10
91.42
123.75
100.39
105.34
107.30
104.74
100.25
105.71
117.65
109.25
120.73
107.19
105.65
116.19
116.70
103.47
103.73
119.00
111.65
99.62
116.01
86.16
117.43
106.24
95.82
84.06
113.20
103.47
110.92
104.41
108.32
70.75
127.88
105.52
96.59
122.50
102.38
100.65
99.07
101.84
90.43
105.40
120.71
108.66
115.50
110.00
107.25
113.54
110.68
107.62
98.85
111.17
116.99
106.50
105.20
86.39
105.75
105.09
120.34
101.38
110.57
111.74
117.52
108.90
121.50
96.79
115.11
107.59
115.22
114.40
87.49
118.12
114.00
101.82
116.18
84.76
104.93
121.55
100.46
119.84
100.59
122.17
102.51
113.39
113.57
100.63
100.34
104.87
114.16
114.04
110.09
87.61
101.79
117.36
99.91
118.43
109.39
96.67
105.40
85.43
114.20
104.43
106.06
100.49
106.16
107.77
108.32
114.75
122.02
106.17
100.93
117.93
85.26
99.00
96.02
112.45
112.25
106.72
108.75
109.94
128.18
78.33
117.73
96.28
117.48
109.12
98.26
121.71
107.04
74.51
104.43
84.87
113.80
100.32
112.62
129.72
110.24
115.18
102.18
126.83
103.61
110.29
107.56
107.44
106.77
103.56
115.63
108.18
74.52
98.70
108.40
78.43
118.40
103.62
112.30
116.50
112.29
90.59
121.18
115.54
106.50
118.88
101.17
99.61
111.93
83.98
105.37
112.25
101.05
115.25
100.82
97.95
112.31
112.40
107.25
118.58
97.82
119.84
106.50
96.74
108.75
88.43
91.00
112.66
92.12
111.27
101.41
118.34
106.68
113.22
125.00
93.88
118.52
110.23
111.28
102.76
107.84
111.77
110.85
111.50
81.02
105.42
85.46
125.57
89.00
119.51
117.97
112.80
110.82
97.50
133.41
104.49
106.64
121.03
107.75
96.11
105.97
118.47
91.12
84.90
104.87
108.97
104.80
99.97
122.29
114.36
90.95
117.94
112.94
104.10
106.34
117.94
110.16
114.00
108.22
106.14
107.69
119.05
92.72
111.71
71.40
104.34
89.43
113.29
116.80
98.47
102.92
107.18
100.86
103.44
117.00
104.87
104.69
86.74
105.31
115.41
73.28
101.71
92.93
101.32
100.89
88.95
109.70
118.38
107.44
107.50
86.64
112.73
119.32
106.25
96.90
100.46
102.59
75.82
105.40
99.23
106.07
112.57
124.03
100.53
116.86
90.11
123.30
108.72
122.60
94.83
118.05
104.25
106.85
69.00
105.64
105.12
100.36
105.33
105.80
111.29
102.40
120.41
113.09
102.34
119.06
109.35
99.22
125.51
104.55
112.93
112.02
106.16
116.07
111.32
114.83
109.17
101.06
114.14
107.32
98.24
73.69
94.74
113.72
110.08
100.13
113.32
104.62
104.32
111.10
96.72
118.47
108.44
106.49
91.30
101.95
116.82
70.00
102.28
98.95
95.17
103.66
108.45
115.59
99.03
110.50
121.00
106.88
119.71
104.05
99.24
106.00
91.66
84.17
104.90
100.87
115.50
97.74
112.62
99.86
124.02
110.65
109.27
101.67
111.95
100.50
112.23
116.62
116.08
98.37
117.57
95.96
109.50
106.75
94.99
109.21
77.07
105.40
110.40
115.73
104.66
112.97
114.61
99.23
98.22
104.59
111.75
110.84
105.64
117.07
98.11
99.90
104.26
112.06
75.22
99.90
104.93
119.51
105.09
107.52
90.77
115.50
102.77
113.95
95.75
105.96
102.35
118.06
97.12
93.75
117.82
84.03
88.96
100.37
97.22
95.54
86.03
103.73
100.50
113.91
113.97
111.24
112.98
100.68
105.18
113.50
98.64
89.92
92.59
105.43
116.86
105.12
102.57
124.91
99.60
109.04
99.25
113.41
106.97
96.98
117.68
105.66
116.41
102.93
122.78
96.46
96.45
120.94
74.36
84.04
105.70
112.52
94.16
112.96
116.59
99.05
111.97
103.96
90.47
101.71
112.59
109.76
116.44
110.35
95.29
106.87
85.86
99.61
63.04
114.73
109.90
100.55
101.04
105.59
111.62
111.23
94.09
106.30
118.11
101.92
105.27
109.83
121.79
108.97
102.89
106.66
102.45
98.35
100.43
93.83
107.76
94.57
83.02
125.51
106.55
103.00
115.17
114.41
104.77
107.75
119.64
97.00
111.25
101.86
78.66
88.62
115.05
108.79
121.75
100.44
119.23
88.96
124.69
98.83
100.88
118.80
107.73
119.99
110.23
105.91
117.06
106.54
110.33
102.20
108.89
84.70
94.20
95.43
112.50
109.33
98.86
98.65
100.36
122.41
88.95
106.29
112.29
113.19
117.00
115.98
112.98
102.63
108.27
95.16
113.04
76.00
84.11
99.90
118.28
106.97
90.27
108.45
107.64
99.14
109.29
108.17
88.44
122.05
112.73
106.59
111.21
111.52
114.76
99.26
84.66
87.89
105.63
111.94
102.51
112.63
106.91
99.10
119.96
102.09
113.60
96.01
108.04
82.44
107.13
106.10
96.00
101.50
101.06
112.20
111.55
113.18
99.83
110.80
103.73
105.36
107.34
110.93
109.01
109.68
121.00
104.65
98.22
111.68
97.72
81.50
109.65
110.18
119.26
96.50
94.14
105.97
107.85
110.54
96.09
113.06
112.60
111.22
109.97
100.12
109.76
107.27
104.36
115.16
95.50
94.25
84.15
118.30
104.71
105.89
110.35
106.70
93.24
111.06
102.03
109.00
108.97
123.77
101.35
107.53
107.75
110.22
81.46
88.77
112.08
112.79
96.33
108.75
115.00
101.91
114.96
111.28
111.01
111.72
115.46
104.45
96.02
102.08
87.93
106.48
85.27
108.48
110.47
100.00
110.69
116.17
90.08
116.41
94.11
116.35
106.14
119.88
101.44
118.24
101.38
104.12
108.00
83.90
104.61
97.41
114.00
84.41
107.25
115.07
102.98
111.32
92.36
112.99
99.87
108.66
119.52
104.72
103.33
117.72
109.63
101.00
128.18
91.18
111.60
85.68
107.62
97.14
106.85
92.50
108.96
113.81
111.82
89.39
122.62
112.66
108.46
114.46
107.38
103.36
114.80
97.77
109.36
76.43
100.08
109.80
101.18
116.97
99.11
109.91
94.20
103.47
111.51
122.34
100.08
111.47
99.96
107.53
110.13
84.23
95.64
96.91
91.41
96.94
96.50
95.70
127.24
90.32
109.88
116.50
95.76
118.14
110.25
105.00
107.11
105.20
89.18
77.95
109.93
84.06
115.71
98.50
107.38
91.00
103.84
123.72
108.29
91.16
106.94
120.71
96.41
123.06
102.11
109.09
117.83
106.02
103.62
114.05
106.67
94.26
108.75
85.55
93.18
106.85
105.25
106.11
114.29
107.34
111.25
96.48
108.03
99.01
118.96
96.07
116.50
97.00
107.26
106.10
103.00
93.16
110.60
63.12
119.18
106.69
105.94
94.15
115.07
108.09
92.50
112.86
103.43
116.75
108.75
95.89
117.79
91.11
116.91
96.75
111.73
96.56
86.64
83.93
98.07
109.04
101.76
109.96
98.50
98.42
73.51
114.54
101.53
118.07
106.83
112.67
96.94
109.81
103.71
67.99
111.51
87.74
125.90
101.27
102.48
109.59
106.36
107.00
98.77
110.40
78.00
115.73
108.07
99.36
114.95
108.95
107.52
115.62
105.53
94.93
112.39
65.87
126.30
92.94
109.29
104.57
105.00
114.74
107.68
101.43
122.51
93.30
106.46
117.75
106.47
112.87
108.12
107.97
92.68
116.43
107.71
83.15
92.65
75.18
0.00
0.00
0.00
0.00
0.00
0.00
0.00
0.00
0.00
0.00
0.00
0.00
0.00
0.00
0.00
0.00
0.00
0.00
0.20
0.00
0.00
0.00
0.00
0.00
0.00
0.00
0.00
0.00
27.50
0.00
0.00
0.00
0.00
2.00
0.00
0.00
0.00
0.00
0.00
0.00
0.00
0.00
0.00
0.00
0.00
0.00
0.00
0.00
0.00
0.00
0.00
0.00
0.00
0.00
0.00
0.00
0.00
0.00
0.00
0.00
0.00
0.00
0.00
0.00
0.00
0.00
0.00
0.00
0.00
0.00
0.00
0.00
0.00
0.00
0.00
0.00
0.00
0.00
0.00
0.00
0.00
0.00
0.00
0.00
0.00
0.00
0.00
0.00
0.00
0.00
0.00
0.00
0.00
0.00
0.00
0.00
0.00
0.00
0.00
0.00
0.00
0.00
0.00
0.00
0.00
0.00
0.00
0.00
0.00
0.00
0.00
0.00
0.00
0.00
0.00
0.00
0.00
0.00
0.00
0.00
0.00
0.00
0.00
0.00
0.00
0.00
0.00
0.00
0.00
0.00
0.00
0.00
0.00
0.00
0.00
0.00
0.00
0.00
0.00
0.00
0.00
0.00
0.00
0.00
0.00
0.00
0.00
0.00
0.00
0.00
0.00
0.00
0.00
0.00
0.00
0.00
0.00
0.00
0.00
0.00
0.00
0.00
0.00
0.00
0.00
0.00
0.00
0.00
0.00
0.00
0.00
0.00
0.00
0.00
0.00
0.00
0.00
0.00
0.00
0.00
0.00
0.00
0.00
0.00
0.00
0.00
0.00
0.00
0.00
0.00
0.00
0.00
0.00
0.00
0.00
0.00
0.00
0.00
0.00
0.00
0.00
0.00
0.00
0.00
0.00
0.00
0.00
0.00
0.00
0.00
0.00
0.00
0.00
0.00
0.00
0.00
0.00
0.00
0.00
0.00
0.00
0.00
0.00
0.00
0.00
0.00
0.00
0.00
0.00
0.00
0.00
0.00
0.00
0.00
0.00
0.00
0.00
0.00
0.00
0.00
0.00
0.00
0.00
0.00
0.00
0.00
0.00
0.00
0.00
0.00
0.00
0.00
0.00
0.00
0.00
0.00
0.00
0.00
0.00
0.00
0.00
0.00
0.00
0.00
0.00
0.00
0.00
0.00
0.00
0.00
0.00
0.00
0.00
0.00
0.00
0.00
0.00
0.00
0.00
0.00
0.00
0.00
0.00
0.00
0.00
0.00
0.00
0.00
0.00
0.00
0.00
0.00
0.00
0.00
0.00
0.00
0.00
0.00
0.00
0.00
0.00
0.00
0.00
0.00
0.00
0.00
0.00
0.00
0.00
0.00
0.00
0.00
0.00
0.00
0.00
0.00
0.00
0.00
0.00
0.00
0.00
0.00
0.00
0.00
0.00
0.00
0.00
0.00
0.00
0.00
0.00
0.00
0.00
0.00
0.00
0.00
0.00
0.00
0.00
0.00
0.00
0.00
0.00
0.00
0.00
0.00
0.00
0.00
0.00
0.00
0.00
0.00
0.00
0.00
0.00
0.00
0.00
0.00
0.00
0.00
0.00
0.00
0.00
0.00
0.00
0.00
0.00
0.00
0.00
0.00
0.00
0.00
0.00
0.00
0.00
0.00
0.00
0.00
0.00
0.00
0.00
0.00
0.00
0.00
0.00
0.00
0.00
0.00
0.00
0.00
0.00
0.00
0.00
0.00
0.00
0.00
0.00
0.00
0.00
0.00
0.00
0.00
0.00
0.00
0.00
0.00
0.00
0.00
0.00
0.00
0.00
0.00
0.00
0.00
0.00
0.00
0.00
0.00
0.00
0.00
0.00
0.00
0.00
0.00
0.00
0.00
0.00
0.00
0.00
0.00
0.00
0.00
0.00
0.00
0.00
0.00
0.00
0.00
0.00
0.00
0.00
0.00
0.00
0.00
0.00
0.00
0.00
0.00
0.00
0.00
0.00
0.00
0.00
0.00
0.00
0.00
0.00
0.00
0.00
0.00
0.00
0.00
0.00
0.00
0.00
0.00
0.00
0.00
0.00
0.00
0.00
0.00
0.00
0.00
0.00
0.00
0.00
0.00
0.00
0.00
0.00
0.00
0.00
0.00
0.00
0.00
0.00
0.00
0.00
0.00
0.00
0.00
0.00
0.00
0.00
0.00
0.00
0.00
0.00
0.00
0.00
0.00
0.00
0.00
0.00
0.00
0.00
0.00
0.00
0.00
0.00
0.00
0.00
0.00
0.00
0.00
0.00
0.00
0.00
0.00
0.00
0.00
0.00
0.00
0.00
0.00
0.00
0.00
0.00
0.00
0.00
0.00
0.00
0.00
0.00
0.00
0.00
0.00
0.00
0.00
0.00
0.00
0.00
0.00
0.00
0.00
0.00
0.00
0.00
0.00
0.00
0.00
0.00
0.00
0.00
0.00
0.00
0.00
0.00
0.00
0.00
0.00
0.00
0.00
0.00
0.00
0.00
0.00
0.00
0.00
0.00
0.00
0.00
0.00
0.00
0.00
0.00
0.00
0.00
0.00
0.00
0.00
0.00
0.00
0.00
0.00
0.00
0.00
0.00
0.00
0.00
0.00
0.00
0.00
0.00
0.00
0.00
0.00
0.00
0.00
0.00
0.00
0.00
0.00
0.00
0.00
0.00
0.00
0.00
0.00
0.00
0.00
0.00
0.00
0.00
0.00
0.00
0.00
0.00
0.00
0.00
0.00
0.00
0.00
0.00
0.00
0.00
0.00
0.00
0.00
0.00
0.00
0.00
0.00
0.00
0.00
0.00
0.00
0.00
0.00
0.00
0.00
0.00
0.00
0.00
0.00
0.00
0.00
0.00
0.00
0.00
0.00
0.00
0.00
0.00
0.00
0.00
0.00
0.00
0.00
0.00
0.00
0.00
0.00
0.00
0.00
0.00
0.00
0.00
0.00
0.00
0.00
0.00
0.00
0.00
0.00
0.00
0.00
0.00
0.00
0.00
0.00
0.00
0.00
0.00
0.00
0.00
0.00
0.00
0.00
0.00
0.00
0.00
0.00
0.00
0.00
0.00
0.00
0.00
0.00
0.00
0.00
0.00
0.00
0.00
0.00
0.00
0.00
0.00
0.00
0.00
0.00
0.00
0.00
0.00
0.00
0.00
0.00
0.00
0.00
0.00
0.00
0.00
0.00
0.00
0.00
0.00
0.00
0.00
0.00
0.00
0.00
0.00
0.00
0.00
0.00
0.00
0.00
0.00
0.00
0.00
0.00
0.00
0.00
0.00
0.00
0.00
0.00
0.00
0.00
0.00
0.00
0.00
0.00
0.00
0.00
0.00
0.00
0.00
0.00
0.00
0.00
0.00
0.00
0.00
0.00
0.00
0.00
0.00
0.00
0.00
0.00
0.00
0.00
0.00
0.00
0.00
0.00
0.00
0.00
0.00
0.00
0.00
0.00
0.00
0.00
0.00
0.00
0.00
0.00
0.00
0.00
0.00
0.00
0.00
0.00
0.00
0.00
0.00
0.00
0.00
0.00
0.00
0.00
0.00
0.00
0.00
0.00
0.00
0.00
0.00
0.00
0.00
0.00
0.00
0.00
0.00
0.00
0.00
0.00
0.00
0.00
0.00
0.00
0.00
0.00
0.00
0.00
0.00
0.00
0.00
0.00
0.00
0.00
0.00
0.00
0.00
0.00
0.00
0.00
0.00
0.00
0.00
0.00
0.00
0.00
0.00
0.00
0.00
0.00
0.00
0.00
0.00
0.00
0.00
0.00
0.00
0.00
0.00
0.00
0.00
0.00
0.00
0.00
0.00
0.00
0.00
0.00
0.00
0.00
0.00
0.00
0.00
0.00
0.00
0.00
0.00
0.00
0.00
0.00
0.00
0.00
0.00
0.00
0.00
0.00
0.00
0.00
0.00
0.00
0.00
0.00
0.00
0.00
0.00
0.00
0.00
0.00
0.00
0.00
0.00
0.00
0.00
0.00
0.00
0.00
0.00
0.00
0.00
0.00
0.00
0.00
0.00
0.00
0.00
0.00
0.00
0.00
0.00
0.00
0.00
0.00
0.00
0.00
0.00
0.00
0.00
0.00
0.00
0.00
0.00
0.00
0.00
0.00
0.00
0.00
0.00
0.00
0.00
0.00
0.00
0.00
0.00
0.00
0.00
0.00
0.00
0.00
0.00
0.00
0.00
0.00
0.00
0.00
0.00
0.00
0.00
0.00
0.00
0.00
0.00
0.00
0.00
0.00
0.00
0.00
0.00
0.00
0.00
0.00
0.00
0.00
0.00
0.00
0.00
0.00
0.00
0.00
0.00
0.00
0.00
0.00
0.00
0.00
0.00
0.00
0.00
0.00
0.00
0.00
0.00
0.00
0.00
0.00
0.00
0.00
0.00
0.00
0.00
0.00
0.00
0.00
0.00
0.00
0.00
0.00
0.00
0.00
0.00
0.00
0.00
0.00
0.00
0.00
0.00
0.00
0.00
0.00
0.00
0.00
0.00
0.00
0.00
0.00
0.00
0.00
0.00
0.00
0.00
0.00
0.00
0.00
0.00
0.00
0.00
0.00
0.00
0.00
0.00
0.00
0.00
0.00
0.00
0.00
0.00
0.00
0.00
0.00
0.00
0.00
0.00
0.00
0.00
0.00
0.00
0.00
0.00
0.00
0.00
0.00
0.00
0.00
0.00
0.00
0.00
0.00
0.00
0.00
0.00
0.00
0.00
0.00
0.00
0.00
0.00
0.00
0.00
0.00
0.00
0.00
0.00
0.00
0.00
0.00
0.00
0.00
0.00
0.00
0.00
0.00
0.00
0.00
0.00
0.00
0.00
0.00
0.00
0.00
0.00
0.00
0.00
0.00
0.00
0.00
0.00
0.00
0.00
0.00
0.00
0.00
0.00
0.00
0.00
0.00
0.00
0.00
0.00
0.00
0.00
0.00
0.00
0.00
0.00
0.00
0.00
0.00
0.00
0.00
0.00
0.00
0.00
0.00
0.00
0.00
0.00
0.00
0.00
0.00
0.00
0.00
0.00
0.00
0.00
0.00
0.00
0.00
0.00
0.00
0.00
0.00
0.00
0.00
0.00
0.00
0.00
0.00
0.00
0.00
0.00
0.00
0.00
0.00
0.00
0.00
0.00
0.00
0.00
0.00
0.00
0.00
0.00
0.00
0.00
0.00
0.00
0.00
0.00
0.00
0.00
0.00
0.00
0.00
0.00
0.00
0.00
0.00
0.00
0.00
0.00
0.00
0.00
0.00
0.00
0.00
0.00
0.00
0.00
0.00
0.00
0.00
0.00
0.00
0.00
0.00
0.00
0.00
0.00
0.00
0.00
0.00
0.00
0.00
0.00
0.00
0.00
0.00
0.00
0.00
0.00
0.00
0.00
0.00
0.00
0.00
0.00
0.00
0.00
0.00
0.00
0.00
0.00
0.00
0.00
0.00
0.00
0.00
0.00
0.00
0.00
0.00
0.00
0.00
0.00
0.00
0.00
0.00
0.00
0.00
0.00
0.00
0.00
0.00
0.00
0.00
0.00
0.00
0.00
0.00
0.00
0.00
0.00
0.00
0.00
0.00
0.00
0.00
0.00
0.00
0.00
0.00
0.00
0.00
0.00
0.00
0.00
0.00
0.00
0.00
0.00
0.00
0.00
0.00
0.00
0.00
0.00
0.00
0.00
0.00
0.00
0.00
0.00
0.00
0.00
0.00
0.00
0.00
0.00
0.00
0.00
0.00
0.00
0.00
0.00
0.00
0.00
0.00
0.00
0.00
0.00
0.00
0.00
0.00
0.00
0.00
0.00
0.00
0.00
0.00
0.00
0.00
0.00
0.00
0.00
0.00
0.00
0.00
0.00
0.00
0.00
0.00
0.00
0.00
0.00
0.00
0.00
0.00
0.00
0.00
0.00
0.00
0.00
0.00
0.00
0.00
0.00
0.00
0.00
0.00
0.00
0.00
0.00
0.00
0.00
0.00
0.00
0.00
0.00
0.00
0.00
0.00
0.00
0.00
0.00
0.00
0.00
0.00
0.00
0.00
0.00
0.00
0.00
0.00
0.00
0.00
0.00
0.00
0.00
0.00
0.00
0.00
0.00
0.00
0.00
0.00
0.00
0.00
0.00
0.00
0.00
0.00
0.00
0.00
0.00
0.00
0.00
0.00
0.00
0.00
0.00
0.00
0.00
0.00
0.00
0.00
0.00
0.00
0.00
0.00
0.00
0.00
0.00
0.00
0.00
0.00
0.00
0.00
0.00
0.00
0.00
0.00
0.00
0.00
0.00
0.00
0.00
0.00
0.00
0.00
0.00
0.00
0.00
0.00
0.00
0.00
0.00
0.00
0.00
0.00
0.00
0.00
0.00
0.00
0.00
0.00
0.00
0.00
0.00
0.00
0.00
0.00
0.00
0.00
0.00
0.00
0.00
0.00
0.00
0.00
0.00
0.00
0.00
0.00
0.00
0.00
0.00
0.00
0.00
0.00
0.00
0.00
0.00
0.00
0.00
0.00
0.00
0.00
0.00
0.00
0.00
0.00
0.00
0.00
0.00
0.00
0.00
0.00
0.00
0.00
0.00
0.00
0.00
0.00
0.00
0.00
0.00
0.00
0.00
0.00
0.00
0.00
0.00
0.00
0.00
0.00
0.00
0.00
0.00
0.00
0.00
0.00
0.00
0.00
0.00
0.00
0.00
0.00
0.00
0.00
0.00
0.00
0.00
0.00
0.00
0.00
0.00
0.00
0.00
0.00
0.00
0.00
0.00
0.00
0.00
0.00
0.00
0.00
0.00
0.00
0.00
0.00
0.00
0.00
0.00
0.00
0.00
0.00
0.00
0.00
0.00
0.00
0.00
0.00
0.00
0.00
0.00
0.00
0.00
0.00
0.00
0.00
0.00
0.00
0.00
0.00
0.00
0.00
0.00
0.00
0.00
0.00
0.00
0.00
0.00
0.00
0.00
0.00
0.00
0.00
0.00
0.00
0.00
0.00
0.00
0.00
0.00
0.00
0.00
0.00
0.00
0.00
0.00
0.00
0.00
0.00
0.00
0.00
0.00
0.00
0.00
0.00
0.00
0.00
0.00
0.00
0.00
0.00
0.00
0.00
0.00
0.00
0.00
0.00
0.00
0.00
0.00
0.00
0.00
0.00
0.00
0.00
0.00
0.00
0.00
0.00
0.00
0.00
0.00
0.00
0.00
0.00
0.00
0.00
0.00
0.00
0.00
0.00
0.00
0.00
0.00
0.00
0.00
0.00
0.00
0.00
0.00
0.00
0.00
0.00
0.00
0.00
0.00
0.00
0.00
0.00
0.00
0.00
0.00
0.00
0.00
0.00
0.00
0.00
0.00
0.00
0.00
0.00
0.00
0.00
0.00
0.00
0.00
0.00
0.00
0.00
0.00
0.00
0.00
0.00
0.00
0.00
0.00
0.00
0.00
0.00
0.00
0.00
0.00
0.00
0.00
0.00
0.00
0.00
0.00
0.00
