0.87
41.93
83.43
104.96
103.02
105.62
116.61
90.50
127.39
99.68
127.14
95.18
58.58
116.22
107.50
129.00
73.00
126.52
105.83
127.45
106.00
117.88
111.80
92.66
105.66
103.85
135.00
106.62
107.08
126.87
114.09
84.66
115.40
115.55
115.93
102.41
128.78
106.96
122.25
81.97
105.14
109.65
116.35
119.59
103.19
118.99
129.07
114.89
83.93
98.71
110.39
118.13
120.00
109.21
123.45
107.70
123.07
89.43
105.43
105.40
107.27
131.99
72.84
118.22
114.79
123.00
118.21
92.43
83.90
126.54
107.77
127.54
110.60
124.07
110.41
109.75
125.55
76.06
110.61
121.77
118.21
106.50
124.00
103.46
131.69
107.25
116.96
113.50
114.34
84.15
105.71
118.34
103.22
111.16
133.73
112.39
110.11
106.88
125.48
122.46
89.02
84.08
126.40
102.03
123.25
108.52
121.50
119.43
110.39
112.00
124.14
88.36
105.40
105.57
119.73
106.27
127.11
123.96
108.16
123.15
108.18
120.46
98.27
83.43
105.20
124.86
102.25
123.50
127.62
104.21
119.31
128.23
112.12
109.89
123.67
77.58
104.93
108.68
121.08
122.80
115.53
105.21
125.98
110.12
116.93
108.23
111.96
89.21
105.09
104.96
117.54
110.90
131.47
109.94
108.68
117.00
124.77
110.41
107.34
111.96
111.50
81.82
105.49
105.72
113.09
115.50
124.71
104.30
118.64
108.50
109.73
118.71
77.55
105.04
126.79
104.47
124.53
117.35
117.99
107.33
117.88
125.84
93.62
122.96
103.46
92.18
120.88
106.61
125.88
105.38
124.50
116.03
106.70
129.00
116.50
115.02
105.84
112.30
106.69
108.27
104.99
105.70
106.55
124.37
113.38
119.71
107.86
125.59
106.50
122.41
114.15
108.85
118.21
106.38
111.97
89.23
105.56
120.15
107.50
105.38
129.06
105.64
94.09
84.43
113.75
121.73
108.09
125.80
118.25
107.13
104.50
124.20
109.86
117.38
75.02
115.93
117.33
111.10
116.62
125.96
118.46
121.32
112.29
118.05
121.82
91.61
118.45
119.06
95.64
104.43
105.40
109.60
129.23
109.53
116.50
116.00
122.09
107.17
116.38
106.39
107.93
122.27
112.66
83.93
104.87
104.20
118.80
123.93
116.35
102.67
117.24
108.46
78.65
107.58
105.67
125.43
112.46
115.97
115.80
116.70
119.47
108.30
83.96
106.73
126.04
116.97
113.84
128.95
110.29
122.82
117.38
106.23
112.53
129.25
106.49
119.84
105.00
91.98
114.41
108.62
128.81
105.24
119.07
115.37
112.50
126.88
104.14
126.74
101.50
120.65
117.00
92.73
104.63
105.83
123.00
112.13
104.93
118.43
115.83
102.80
125.15
112.72
98.75
85.21
119.94
107.55
110.66
127.50
99.39
114.56
128.02
80.39
113.07
104.14
120.98
119.42
128.79
110.71
122.75
108.46
116.43
137.04
106.75
119.63
103.43
108.50
115.56
122.46
95.43
107.91
127.92
101.78
124.15
111.50
118.41
122.95
105.79
119.11
98.93
118.42
121.64
91.85
104.93
105.90
109.47
132.26
102.50
124.41
108.57
111.08
115.52
108.50
126.54
72.14
106.12
134.50
99.48
124.61
116.39
102.12
112.89
111.59
108.38
104.97
103.25
111.15
117.44
127.72
102.89
123.50
129.35
104.25
83.17
116.50
117.43
122.53
66.30
122.79
127.40
111.89
124.39
113.61
117.43
110.33
120.45
118.86
116.67
104.93
115.40
117.90
108.64
116.94
84.00
104.43
128.00
111.07
105.68
124.95
123.94
112.76
121.82
97.77
109.95
129.00
81.87
126.43
105.79
111.12
110.82
128.32
108.45
102.75
106.15
121.01
121.53
90.38
99.23
106.27
117.09
122.83
125.50
112.43
109.27
112.01
118.93
111.39
122.26
84.11
106.93
126.00
120.54
108.00
112.04
125.64
117.97
119.54
107.73
122.23
121.25
100.68
125.22
112.65
86.50
105.43
105.65
130.38
107.72
126.88
102.46
126.03
120.71
102.86
120.32
117.41
108.28
120.03
106.94
121.61
116.19
90.71
104.43
119.40
90.50
113.38
122.98
115.85
100.63
122.50
124.00
112.50
103.98
114.07
117.56
119.66
92.32
95.21
107.68
127.50
114.04
115.46
129.03
103.25
136.66
103.14
106.45
125.68
112.67
96.66
105.11
111.13
124.50
110.44
125.39
129.26
114.23
109.73
117.19
123.25
119.31
121.22
114.96
99.40
126.56
116.94
109.25
109.62
103.89
107.59
106.15
111.41
123.31
119.24
124.21
108.76
118.95
118.64
115.45
103.92
113.56
127.46
110.99
118.45
81.30
115.45
116.43
114.89
108.38
121.30
113.59
104.04
121.30
106.21
109.50
86.78
82.60
121.25
94.32
109.50
83.93
111.44
98.96
101.59
107.50
107.50
110.11
113.33
95.55
117.64
103.77
100.39
114.57
90.98
83.90
105.43
121.41
109.02
93.52
129.31
111.50
104.83
90.86
128.35
104.00
104.50
119.04
106.80
94.45
104.97
117.09
111.48
111.20
77.68
83.93
96.43
116.51
102.25
101.25
113.95
103.74
105.77
107.23
98.10
105.94
107.54
110.87
102.23
99.47
115.50
109.14
88.04
100.78
109.05
106.94
107.06
96.80
116.04
104.00
105.26
105.56
101.65
93.89
111.04
99.84
107.62
110.67
108.22
83.98
86.17
111.61
99.96
98.32
113.99
107.07
101.00
115.13
109.91
96.19
104.25
110.77
103.43
71.30
119.23
105.90
105.00
116.98
106.24
110.97
113.92
103.97
105.44
115.41
110.30
97.56
113.50
112.00
104.03
106.84
103.26
113.32
95.66
101.86
105.02
104.68
110.25
93.97
110.71
107.38
105.81
111.61
107.64
118.51
96.32
103.82
115.88
107.52
116.02
107.92
100.37
84.15
104.65
104.94
101.47
111.64
118.13
98.11
111.65
103.80
107.00
116.90
97.93
107.50
111.09
116.79
79.68
87.58
104.64
122.29
101.14
95.00
123.49
104.25
96.52
111.47
121.25
112.40
104.10
113.21
105.66
82.39
103.12
93.68
128.81
101.22
118.25
102.15
116.31
110.06
105.50
116.00
113.22
100.21
116.50
105.01
106.95
73.19
104.33
104.90
106.81
96.65
118.57
117.68
109.00
103.25
123.25
99.30
105.38
128.91
101.50
110.29
104.71
114.71
111.91
102.62
113.70
100.18
107.27
109.62
111.00
123.23
81.25
83.90
113.57
125.29
105.24
106.72
110.53
98.67
120.63
94.86
111.72
112.65
96.29
123.12
111.34
104.43
121.51
78.37
84.22
115.90
115.74
104.77
106.23
76.16
114.58
97.70
112.91
102.71
110.66
115.37
110.76
82.62
104.02
93.35
110.54
118.06
107.50
106.05
112.50
121.60
108.25
114.35
97.15
116.16
110.44
96.70
122.48
91.79
115.19
84.43
98.68
113.06
111.16
117.32
108.08
102.25
115.32
107.50
110.80
115.52
113.36
104.73
106.88
99.18
114.50
113.62
112.93
67.14
101.86
109.15
125.63
89.19
122.12
111.12
101.90
106.82
114.03
113.24
118.06
93.41
116.94
116.32
101.69
110.37
105.50
105.78
105.05
90.25
118.84
99.14
113.74
108.10
101.28
113.50
102.63
104.80
112.26
107.15
126.11
66.05
119.70
100.46
98.81
106.97
120.77
107.92
111.50
97.88
111.97
129.00
104.41
103.44
98.00
94.60
116.96
108.79
96.43
76.68
112.66
126.69
106.00
108.25
122.25
104.20
107.09
127.82
111.82
108.91
108.75
110.75
107.94
107.00
103.80
113.04
114.00
110.05
76.66
105.69
112.13
104.21
121.97
106.07
120.68
107.75
107.50
114.43
111.46
112.50
105.94
104.77
114.35
111.17
102.00
104.80
104.71
105.59
115.28
99.74
99.20
114.41
111.47
105.40
104.62
108.82
116.06
109.00
98.71
103.71
125.65
81.50
104.83
94.66
119.43
104.67
102.45
109.11
111.25
106.51
106.04
105.52
121.73
104.71
104.50
113.21
99.50
119.48
78.09
104.87
105.68
124.97
93.98
118.50
118.97
85.88
105.52
115.26
120.00
104.65
101.48
99.82
126.51
104.86
100.90
104.58
117.54
113.61
83.88
83.93
105.06
128.16
109.98
107.50
100.58
112.27
107.81
117.14
109.43
99.05
112.43
124.45
113.21
93.98
113.25
100.87
106.06
113.59
116.06
72.01
103.93
106.43
105.65
114.64
104.20
115.42
112.10
104.12
95.89
127.19
99.17
101.77
117.52
111.91
102.83
106.02
113.24
83.93
92.87
106.64
88.97
112.19
109.69
106.69
111.45
102.45
109.14
113.76
110.06
101.83
79.24
99.93
102.14
110.88
106.45
117.56
116.58
103.28
124.56
99.27
108.39
104.93
113.08
90.84
104.93
83.90
126.92
99.28
115.22
109.25
97.61
121.14
115.91
101.14
107.19
100.19
107.82
107.68
121.50
98.36
121.96
98.40
116.07
112.78
91.41
123.33
100.53
105.27
107.55
103.85
100.05
105.51
117.84
109.38
120.11
107.14
104.47
115.94
116.64
104.27
103.47
118.97
111.55
100.33
115.55
86.00
116.98
106.54
96.24
84.06
113.26
103.71
112.33
104.94
108.44
71.19
127.53
106.38
95.72
121.82
101.67
100.61
98.53
102.87
89.96
106.94
120.53
109.50
116.59
109.85
107.23
113.43
109.86
108.07
99.41
110.47
117.46
105.70
106.27
86.57
105.48
104.93
120.59
101.77
110.70
111.74
118.17
108.97
121.28
96.72
114.75
107.84
115.18
113.71
87.73
117.39
114.00
101.61
115.52
84.90
104.40
122.51
101.36
119.55
100.62
122.55
103.59
113.30
114.22
100.83
100.83
105.71
113.75
114.47
109.89
87.70
101.91
116.96
100.70
119.41
108.62
96.50
105.40
85.34
115.43
104.59
107.03
100.80
105.38
107.34
107.70
115.34
121.50
106.21
101.29
117.31
86.20
97.94
96.44
110.60
112.54
106.04
108.00
109.44
128.64
78.19
117.49
96.25
118.11
109.66
97.16
121.06
106.45
74.65
104.14
84.72
113.60
99.38
111.77
130.00
111.01
114.47
100.95
126.43
104.88
109.50
107.55
107.50
106.50
103.42
115.32
108.83
74.36
98.15
108.84
78.74
118.88
103.84
112.21
117.97
112.08
91.23
120.24
115.38
106.65
119.73
101.50
100.25
111.79
83.25
105.86
111.89
101.10
115.04
101.11
97.93
111.87
112.21
107.70
117.44
97.44
120.39
106.28
97.00
110.00
87.46
90.56
113.36
91.11
112.73
103.33
119.14
106.19
112.44
125.03
93.75
119.30
110.34
111.23
102.67
108.33
111.50
110.90
111.90
81.11
105.68
85.98
125.25
89.77
119.55
118.45
111.91
110.89
96.89
134.11
104.70
106.47
120.44
109.23
96.21
105.89
118.00
91.45
84.57
105.27
109.23
103.69
100.74
122.55
113.07
91.31
117.91
113.16
104.66
106.27
118.00
110.63
113.90
107.78
105.38
107.56
118.77
92.80
112.03
72.21
105.03
89.70
112.98
116.47
98.89
103.09
107.56
101.00
103.52
116.97
104.57
104.47
86.51
105.29
114.36
73.35
101.85
93.07
100.79
101.02
87.94
110.15
118.42
107.71
107.71
86.02
113.00
119.91
106.35
97.65
100.50
102.85
74.97
106.10
100.21
106.51
111.44
124.07
100.95
116.75
89.75
123.25
109.25
123.64
94.01
117.96
104.50
107.24
68.89
106.01
104.40
100.46
105.74
105.83
110.41
102.70
120.54
114.89
101.89
118.91
110.28
98.36
125.43
104.07
113.28
111.98
106.17
116.25
111.67
115.39
109.98
101.91
113.59
107.64
98.19
73.65
94.17
114.13
110.29
100.86
112.30
104.55
104.31
112.14
96.90
118.22
109.46
105.94
91.25
100.93
117.00
70.94
102.16
97.93
95.45
103.69
108.99
115.50
98.94
110.21
121.99
106.90
119.04
104.51
99.79
105.41
91.88
83.90
104.43
100.98
116.22
97.50
112.41
100.12
124.04
110.32
109.50
102.39
112.02
101.01
111.95
116.00
116.59
98.33
116.94
95.63
109.11
107.14
94.47
109.21
75.71
105.48
111.45
115.12
104.82
112.39
114.82
99.00
98.81
103.50
111.59
110.69
104.94
117.47
97.94
100.57
104.12
112.55
74.68
99.22
105.02
118.79
105.47
108.37
91.79
110.29
106.66
113.06
95.60
106.29
102.81
117.71
96.96
94.42
118.71
84.13
88.60
100.23
96.95
93.91
86.00
104.05
100.64
114.67
113.78
111.04
112.66
101.53
105.74
112.44
98.54
89.50
92.95
105.65
117.19
105.30
102.44
123.86
100.37
108.46
98.41
113.70
106.67
96.79
118.00
105.52
115.94
102.73
122.90
96.39
96.68
120.62
75.40
84.09
105.40
111.93
93.93
113.62
116.11
98.44
111.97
103.89
91.28
102.09
112.99
110.18
117.16
110.59
95.39
108.39
86.09
100.72
63.08
114.92
109.76
100.95
101.00
104.19
110.97
111.04
92.80
106.25
118.00
102.17
106.34
109.68
121.93
108.94
102.94
107.12
101.09
98.93
100.26
94.23
108.80
94.86
83.38
124.39
106.11
103.00
115.34
114.82
105.50
107.41
120.13
96.90
110.28
102.58
78.36
89.68
114.87
108.41
121.39
100.70
118.31
89.31
124.16
98.66
101.25
118.69
106.88
119.45
111.00
106.28
116.93
105.44
109.44
102.34
109.64
83.92
94.43
94.90
113.07
110.17
98.77
97.93
100.65
123.98
87.93
105.79
111.31
112.38
116.48
116.70
113.04
102.91
108.50
95.35
113.70
75.48
83.93
99.90
117.59
107.32
90.15
107.34
108.61
99.94
108.61
108.18
88.16
122.47
112.81
107.00
111.08
111.73
114.07
98.40
85.90
87.30
105.57
112.83
103.79
112.42
107.00
99.50
121.30
102.86
112.89
95.31
107.99
82.92
107.65
105.50
96.39
101.99
100.93
111.46
111.02
112.54
100.25
110.52
103.44
105.50
107.54
112.09
107.27
108.98
121.50
105.38
98.43
112.00
96.92
81.50
110.14
109.74
119.00
95.96
94.02
106.27
108.14
110.75
96.26
114.10
113.20
111.13
110.57
100.66
109.84
106.49
104.14
114.71
95.57
93.82
83.93
118.75
105.98
105.79
109.61
106.28
93.55
111.93
101.92
109.34
109.15
124.83
100.88
106.89
107.75
109.83
82.92
86.75
112.68
113.21
96.61
106.76
115.96
101.11
115.55
111.50
111.11
111.20
115.98
104.50
96.00
101.80
88.67
106.21
84.87
109.19
110.78
100.33
110.24
115.56
90.77
116.18
94.79
116.41
105.65
120.06
101.42
118.54
99.93
104.46
107.45
84.29
105.01
97.40
113.41
84.54
107.49
114.91
102.64
110.93
92.95
113.50
100.00
107.88
119.55
104.94
102.94
118.50
110.07
101.09
128.09
91.25
110.82
86.30
107.86
97.25
106.43
91.90
109.36
112.14
110.47
89.47
121.70
113.43
108.50
115.75
108.35
103.03
115.00
98.50
108.86
76.93
100.89
109.61
101.75
117.17
99.79
109.71
93.98
103.36
111.16
122.02
100.33
111.39
99.46
107.50
110.18
84.77
96.16
97.27
92.97
96.36
97.40
95.82
126.96
90.89
110.52
115.91
95.41
118.36
109.68
106.23
107.55
103.39
88.53
78.48
110.23
84.39
115.37
98.75
106.82
91.04
103.69
123.50
108.75
90.84
107.36
120.38
96.75
122.75
102.17
109.09
117.56
106.91
104.00
114.42
106.50
93.16
108.50
86.30
93.32
106.78
105.30
106.63
114.32
107.11
110.49
95.76
108.93
100.04
119.00
96.00
117.14
96.75
107.29
106.00
103.00
93.58
110.75
63.53
118.37
106.50
106.45
94.10
115.60
107.63
93.09
112.98
104.73
117.41
108.09
96.09
116.93
91.34
116.71
95.20
111.93
95.06
86.08
83.90
98.68
108.95
99.96
110.88
97.06
99.23
73.37
114.47
101.31
118.79
105.97
112.61
97.52
110.14
104.34
67.00
111.18
87.84
126.47
100.57
103.77
109.75
105.66
106.89
98.24
109.78
78.03
116.28
107.74
99.75
114.16
108.54
107.88
114.91
105.77
94.86
113.62
65.38
126.33
93.22
108.10
104.29
103.92
115.23
107.56
101.51
122.16
92.41
106.10
117.57
106.70
112.64
108.62
108.27
93.01
116.16
107.32
82.39
92.93
75.11
0.00
0.00
0.00
0.00
0.05
0.00
0.00
0.00
0.00
0.00
0.00
0.00
0.00
0.00
0.00
0.00
0.00
0.00
0.32
0.00
0.00
0.00
0.00
0.00
0.00
0.00
0.00
0.00
27.00
0.00
0.00
0.00
0.00
2.04
0.00
0.00
0.00
0.00
0.02
0.00
0.00
0.00
0.00
0.00
0.00
0.00
0.00
0.00
0.00
0.00
0.00
0.00
0.00
0.00
0.00
0.00
0.00
0.00
0.00
0.00
0.00
0.00
0.00
0.01
0.00
0.00
0.00
0.00
0.00
0.00
0.00
0.00
0.00
0.00
0.00
0.00
0.00
0.00
0.00
0.00
0.00
0.00
0.00
0.00
0.00
0.00
0.00
0.00
0.00
0.00
0.00
0.00
0.00
0.00
0.00
0.00
0.00
0.00
0.00
0.00
0.00
0.00
0.00
0.00
0.00
0.00
0.00
0.00
0.00
0.00
0.00
0.00
0.00
0.00
0.00
0.00
0.00
0.00
0.00
0.00
0.00
0.00
0.00
0.00
0.00
0.00
0.00
0.00
0.00
0.00
0.00
0.00
0.00
0.00
0.00
0.00
0.00
0.00
0.00
0.00
0.00
0.00
0.00
0.00
0.00
0.00
0.00
0.00
0.00
0.00
0.00
0.00
0.00
0.00
0.00
0.00
0.00
0.00
0.00
0.00
0.00
0.00
0.00
0.00
0.00
0.00
0.00
0.00
0.00
0.00
0.00
0.00
0.00
0.00
0.00
0.00
0.00
0.00
0.00
0.00
0.00
0.00
0.00
0.00
0.00
0.00
0.00
0.00
0.00
0.00
0.00
0.00
0.00
0.00
0.00
0.00
0.00
0.00
0.00
0.00
0.00
0.00
0.00
0.00
0.00
0.00
0.00
0.00
0.00
0.00
0.00
0.00
0.00
0.00
0.00
0.00
0.00
0.00
0.00
0.00
0.00
0.00
0.00
0.00
0.00
0.00
0.00
0.00
0.00
0.00
0.00
0.00
0.00
0.00
0.00
0.00
0.00
0.00
0.00
0.00
0.00
0.00
0.00
0.00
0.00
0.00
0.00
0.00
0.00
0.00
0.00
0.00
0.00
0.00
0.00
0.00
0.00
0.00
0.00
0.00
0.00
0.00
0.00
0.00
0.00
0.00
0.00
0.00
0.00
0.00
0.00
0.00
0.00
0.00
0.00
0.00
0.00
0.00
0.00
0.00
0.00
0.00
0.00
0.00
0.00
0.00
0.00
0.00
0.00
0.00
0.00
0.00
0.00
0.00
0.00
0.00
0.00
0.00
0.00
0.00
0.00
0.00
0.00
0.00
0.00
0.00
0.00
0.00
0.00
0.00
0.00
0.00
0.00
0.00
0.00
0.00
0.00
0.00
0.00
0.00
0.00
0.00
0.00
0.00
0.00
0.00
0.00
0.00
0.00
0.00
0.00
0.00
0.00
0.00
0.00
0.00
0.00
0.00
0.00
0.00
0.00
0.00
0.00
0.00
0.00
0.00
0.00
0.00
0.00
0.00
0.00
0.00
0.00
0.00
0.00
0.00
0.00
0.00
0.00
0.00
0.00
0.00
0.00
0.00
0.00
0.00
0.00
0.00
0.00
0.00
0.00
0.00
0.00
0.00
0.00
0.00
0.00
0.00
0.00
0.00
0.00
0.00
0.00
0.00
0.00
0.00
0.00
0.00
0.00
0.00
0.00
0.00
0.00
0.00
0.00
0.00
0.00
0.00
0.00
0.00
0.00
0.00
0.00
0.00
0.00
0.00
0.00
0.00
0.00
0.00
0.00
0.00
0.00
0.00
0.00
0.00
0.00
0.00
0.00
0.00
0.00
0.00
0.00
0.00
0.00
0.00
0.00
0.00
0.00
0.00
0.00
0.00
0.00
0.00
0.00
0.00
0.00
0.00
0.00
0.00
0.00
0.00
0.00
0.00
0.00
0.00
0.00
0.00
0.00
0.00
0.00
0.00
0.00
0.00
0.00
0.00
0.00
0.00
0.00
0.00
0.00
0.00
0.00
0.00
0.00
0.00
0.00
0.00
0.00
0.00
0.00
0.00
0.00
0.00
0.00
0.00
0.00
0.00
0.00
0.00
0.00
0.00
0.00
0.00
0.00
0.00
0.00
0.00
0.00
0.00
0.00
0.00
0.00
0.00
0.00
0.00
0.00
0.00
0.00
0.00
0.00
0.00
0.00
0.00
0.00
0.00
0.00
0.00
0.00
0.00
0.00
0.00
0.00
0.00
0.00
0.00
0.00
0.00
0.00
0.00
0.00
0.00
0.00
0.00
0.00
0.00
0.00
0.00
0.00
0.00
0.00
0.00
0.00
0.00
0.00
0.00
0.00
0.00
0.00
0.00
0.00
0.00
0.00
0.00
0.00
0.00
0.00
0.00
0.00
0.00
0.00
0.00
0.00
0.00
0.00
0.00
0.00
0.00
0.00
0.00
0.00
0.00
0.00
0.00
0.00
0.00
0.00
0.00
0.00
0.00
0.00
0.00
0.00
0.00
0.00
0.00
0.00
0.00
0.00
0.00
0.00
0.00
0.00
0.00
0.00
0.00
0.00
0.00
0.00
0.00
0.00
0.00
0.00
0.00
0.00
0.00
0.00
0.00
0.00
0.00
0.00
0.00
0.00
0.00
0.00
0.00
0.00
0.00
0.00
0.00
0.00
0.00
0.00
0.00
0.00
0.00
0.00
0.00
0.00
0.00
0.00
0.00
0.00
0.00
0.00
0.00
0.00
0.00
0.00
0.00
0.00
0.00
0.00
0.00
0.00
0.00
0.00
0.00
0.00
0.00
0.00
0.00
0.00
0.00
0.00
0.00
0.00
0.00
0.00
0.00
0.00
0.00
0.00
0.00
0.00
0.00
0.00
0.00
0.00
0.00
0.00
0.00
0.00
0.00
0.00
0.00
0.00
0.00
0.00
0.00
0.00
0.00
0.00
0.00
0.00
0.00
0.00
0.00
0.00
0.00
0.00
0.00
0.00
0.00
0.00
0.00
0.00
0.00
0.00
0.00
0.00
0.00
0.00
0.00
0.00
0.00
0.00
0.00
0.00
0.00
0.00
0.00
0.00
0.00
0.00
0.00
0.00
0.00
0.00
0.00
0.00
0.00
0.00
0.00
0.00
0.00
0.00
0.00
0.00
0.00
0.00
0.00
0.00
0.00
0.00
0.00
0.00
0.00
0.00
0.00
0.00
0.00
0.00
0.00
0.00
0.00
0.00
0.00
0.00
0.00
0.00
0.00
0.00
0.00
0.00
0.00
0.00
0.00
0.00
0.00
0.00
0.00
0.00
0.00
0.00
0.00
0.00
0.00
0.00
0.00
0.00
0.00
0.00
0.00
0.00
0.00
0.00
0.00
0.00
0.00
0.00
0.00
0.00
0.00
0.00
0.00
0.00
0.00
0.00
0.00
0.00
0.00
0.00
0.00
0.00
0.00
0.00
0.00
0.00
0.00
0.00
0.00
0.00
0.00
0.00
0.00
0.00
0.00
0.00
0.00
0.00
0.00
0.00
0.00
0.00
0.00
0.00
0.00
0.00
0.00
0.00
0.00
0.00
0.00
0.00
0.00
0.00
0.00
0.00
0.00
0.00
0.00
0.00
0.00
0.00
0.00
0.00
0.00
0.00
0.00
0.00
0.00
0.00
0.00
0.00
0.00
0.00
0.00
0.00
0.00
0.00
0.00
0.00
0.00
0.00
0.00
0.00
0.00
0.00
0.00
0.00
0.00
0.00
0.00
0.00
0.00
0.00
0.00
0.00
0.00
0.00
0.00
0.00
0.00
0.00
0.00
0.00
0.00
0.00
0.00
0.00
0.00
0.00
0.00
0.00
0.00
0.00
0.00
0.00
0.00
0.00
0.00
0.00
0.00
0.00
0.00
0.00
0.00
0.00
0.00
0.00
0.00
0.00
0.00
0.00
0.00
0.00
0.00
0.00
0.00
0.00
0.00
0.00
0.00
0.00
0.00
0.00
0.00
0.00
0.00
0.00
0.00
0.00
0.00
0.00
0.00
0.00
0.00
0.00
0.00
0.00
0.00
0.00
0.00
0.00
0.00
0.00
0.00
0.00
0.00
0.00
0.00
0.00
0.00
0.00
0.00
0.00
0.00
0.00
0.00
0.00
0.00
0.00
0.00
0.00
0.00
0.00
0.00
0.00
0.00
0.00
0.00
0.00
0.00
0.00
0.00
0.00
0.00
0.00
0.00
0.00
0.00
0.00
0.00
0.00
0.00
0.00
0.00
0.00
0.00
0.00
0.00
0.00
0.00
0.00
0.00
0.00
0.00
0.00
0.00
0.00
0.00
0.00
0.00
0.00
0.00
0.00
0.00
0.00
0.00
0.00
0.00
0.00
0.00
0.00
0.00
0.00
0.00
0.00
0.00
0.00
0.00
0.00
0.00
0.00
0.00
0.00
0.00
0.00
0.00
0.00
0.00
0.00
0.00
0.00
0.00
0.00
0.00
0.00
0.00
0.00
0.00
0.00
0.00
0.00
0.00
0.00
0.00
0.00
0.00
0.00
0.00
0.00
0.00
0.00
0.00
0.00
0.00
0.00
0.00
0.00
0.00
0.00
0.00
0.00
0.00
0.00
0.00
0.00
0.00
0.00
0.00
0.00
0.00
0.00
0.00
0.00
0.00
0.00
0.00
0.00
0.00
0.00
0.00
0.00
0.00
0.00
0.00
0.00
0.00
0.00
0.00
0.00
0.00
0.00
0.00
0.00
0.00
0.00
0.00
0.00
0.00
0.00
0.00
0.00
0.00
0.00
0.00
0.00
0.00
0.00
0.00
0.00
0.00
0.00
0.00
0.00
0.00
0.00
0.00
0.00
0.00
0.00
0.00
0.00
0.00
0.00
0.00
0.00
0.00
0.00
0.00
0.00
0.00
0.00
0.00
0.00
0.00
0.00
0.00
0.00
0.00
0.00
0.00
0.00
0.00
0.00
0.00
0.00
0.00
0.00
0.00
0.00
0.00
0.00
0.00
0.00
0.00
0.00
0.00
0.00
0.00
0.00
0.00
0.00
0.00
0.00
0.00
0.00
0.00
0.00
0.00
0.00
0.00
0.00
0.00
0.00
0.00
0.00
0.00
0.00
0.00
0.00
0.00
0.00
0.00
0.00
0.00
0.00
0.00
0.00
0.00
0.00
0.00
0.00
0.00
0.00
0.00
0.00
0.00
0.00
0.00
0.00
0.00
0.00
0.00
0.00
0.00
0.00
0.00
0.00
0.00
0.00
0.00
0.00
0.00
0.00
0.00
0.00
0.00
0.00
0.00
0.00
0.00
0.00
0.00
0.00
0.00
0.00
0.00
0.00
0.00
0.00
0.00
0.00
0.00
0.00
0.00
0.00
0.00
0.00
0.00
0.00
0.00
0.00
0.00
0.00
0.00
0.00
0.00
0.00
0.00
0.00
0.00
0.00
0.00
0.00
0.00
0.00
0.00
0.00
0.00
0.00
0.00
0.00
0.00
0.00
0.00
0.00
0.00
0.00
0.00
0.00
0.00
0.00
0.00
0.00
0.00
0.00
0.00
0.00
0.00
0.00
0.00
0.00
0.00
0.00
0.00
0.00
0.00
0.00
0.00
0.00
0.00
0.00
0.00
0.00
0.00
0.00
0.00
0.00
0.00
0.00
0.00
0.00
0.00
0.00
0.00
0.00
0.00
0.00
0.00
0.00
0.00
0.00
0.00
0.00
0.00
0.00
0.00
0.00
0.00
0.00
0.00
0.00
0.00
0.00
0.00
0.00
0.00
0.00
0.00
0.00
0.00
0.00
0.00
0.00
0.00
0.00
0.00
0.00
0.00
0.00
0.00
0.00
0.00
0.00
0.00
0.00
0.00
0.00
0.00
0.00
0.00
0.00
0.00
0.00
0.00
0.00
0.00
0.00
0.00
0.00
0.00
0.00
0.00
0.00
0.00
0.00
0.00
0.00
0.00
0.00
0.00
0.00
0.00
0.00
0.00
0.00
0.00
0.00
0.00
0.00
0.00
0.00
0.00
0.00
0.00
0.00
0.00
0.00
0.00
0.00
0.00
0.00
0.00
0.00
0.00
0.00
0.00
0.00
0.00
0.00
0.00
0.00
0.00
0.00
0.00
0.00
0.00
0.00
0.00
0.00
0.00
0.00
0.00
0.00
0.00
0.00
0.00
0.00
0.00
0.00
0.00
0.00
0.00
0.00
0.00
0.00
0.00
0.00
0.00
0.00
0.00
0.00
0.00
0.00
0.00
0.00
0.00
0.00
0.00
0.00
0.00
0.00
0.00
0.00
0.00
0.00
0.00
0.00
0.00
0.00
0.00
0.00
0.00
0.00
0.00
0.00
0.00
0.00
0.00
0.00
0.00
0.00
0.00
0.00
0.00
0.00
0.00
0.00
0.00
0.00
0.00
0.00
0.00
0.00
0.00
0.00
0.00
0.00
0.00
0.00
0.00
0.00
0.00
0.00
0.00
0.00
0.00
0.00
0.00
0.00
0.00
0.00
0.00
0.00
0.00
0.00
0.00
0.00
0.00
0.00
0.00
0.00
0.00
0.00
0.00
0.00
0.00
0.00
0.00
0.00
0.00
0.00
0.00
0.00
0.00
0.00
0.00
0.00
0.00
0.00
0.00
0.00
0.00
0.00
0.00
0.00
0.00
0.00
0.00
0.00
0.00
0.00
0.00
0.00
0.00
0.00
0.00
0.00
0.00
0.00
0.00
0.00
0.00
0.00
0.00
0.00
0.00
0.00
0.00
0.00
0.00
0.00
0.00
0.00
0.00
0.00
0.00
0.00
0.00
0.00
0.00
0.00
0.00
0.00
0.00
0.00
0.00
0.00
0.00
0.00
0.00
0.00
0.00
0.00
0.00
0.00
0.00
0.00
0.00
0.00
0.00
0.00
0.00
0.00
0.00
0.00
0.00
0.00
0.00
0.00
0.00
0.00
0.00
0.00
0.00
0.00
0.00
0.00
0.00
0.00
0.00
0.00
0.00
0.00
0.00
0.00
0.00
0.00
0.00
0.00
0.00
0.00
0.00
0.00
0.00
0.00
0.00
0.00
0.00
0.00
0.00
0.00
0.00
0.00
0.00
0.00
0.00
0.00
0.00
0.00
0.00
0.00
0.00
0.00
0.00
0.00
0.00
0.00
0.00
0.00
0.00
0.00
0.00
0.00
0.00
0.00
0.00
0.00
0.00
0.00
0.00
0.00
0.00
0.00
0.00
0.00
0.00
0.00
0.00
0.00
0.00
0.00
0.00
0.00
0.00
0.00
0.00
0.00
0.00
0.00
0.00
0.00
0.00
0.00
0.00
0.00
0.00
0.00
0.00
0.00
0.00
0.00
0.00
0.00
0.00
0.00
0.00
0.00
0.00
0.00
0.00
0.00
0.00
0.00
0.00
0.00
0.00
0.00
0.00
0.00
0.00
0.00
0.00
0.00
0.00
0.00
0.00
0.00
0.00
0.00
0.00
