0.94
41.50
83.53
105.61
102.53
105.39
116.30
89.22
127.92
99.55
126.16
95.43
58.21
117.05
107.30
128.96
72.32
126.52
105.36
127.00
106.07
118.07
112.21
91.56
105.43
103.90
134.99
107.09
107.05
127.46
114.22
85.40
114.89
116.48
115.46
102.36
129.00
107.17
122.56
80.89
104.89
109.89
116.46
120.55
103.99
118.36
129.00
115.01
84.18
98.64
110.50
117.60
119.81
109.75
123.68
107.36
122.32
89.50
105.61
105.68
107.48
131.90
73.40
119.32
114.61
122.43
118.69
92.95
84.17
126.14
107.46
127.00
111.29
124.26
110.34
109.50
125.30
75.80
110.70
122.08
117.52
106.50
124.10
103.19
132.11
106.39
115.93
114.57
113.68
84.00
105.40
118.00
103.55
111.97
133.59
112.37
110.53
107.80
125.16
122.50
89.09
84.15
126.11
101.76
122.39
109.27
121.66
120.41
110.61
111.62
124.50
88.25
105.69
105.55
119.54
105.39
127.57
123.41
107.84
123.06
108.68
120.16
99.89
84.63
104.43
125.00
102.50
123.18
127.54
103.59
119.41
128.54
111.87
110.48
123.91
77.21
104.34
108.92
121.45
122.16
114.97
105.35
126.22
110.13
117.19
107.17
111.84
89.77
104.55
104.65
117.75
111.05
131.35
109.94
108.56
116.76
125.14
111.13
106.16
111.46
110.02
82.44
106.03
105.40
112.36
115.55
125.00
103.13
118.71
107.82
110.16
118.21
77.92
105.93
126.84
104.73
124.74
117.34
117.34
107.52
117.30
125.45
93.54
122.80
103.95
92.62
121.45
106.00
127.38
105.11
124.20
115.96
106.87
129.00
117.12
115.33
105.93
111.89
106.50
109.19
105.18
105.40
106.84
124.67
113.70
119.61
107.79
125.67
106.02
122.85
114.42
108.34
117.11
106.83
113.11
88.89
105.40
120.11
107.75
104.86
129.00
104.94
95.62
84.18
113.43
121.46
108.70
126.30
116.97
107.16
104.33
125.38
110.45
118.32
74.93
116.00
117.28
111.16
115.96
125.86
118.18
121.71
112.03
117.82
121.00
92.31
118.69
117.94
96.04
104.92
105.76
109.91
128.81
110.00
117.19
116.03
122.22
106.38
117.00
106.88
108.12
122.00
112.25
84.03
105.23
104.28
118.09
124.41
116.79
103.62
117.50
108.62
78.61
108.16
105.40
125.50
112.58
116.32
114.91
115.91
119.05
109.12
84.21
106.65
126.56
116.43
114.41
129.17
110.00
122.41
118.05
106.92
112.68
128.81
106.44
119.54
104.84
92.68
114.40
108.68
129.22
105.57
117.57
114.84
112.19
127.35
103.48
126.46
101.34
121.36
116.82
92.44
104.87
105.50
123.63
112.18
104.52
118.59
115.64
102.43
125.42
113.50
98.35
85.29
120.18
107.68
110.34
128.03
98.14
113.61
127.14
80.35
113.16
103.87
120.46
119.64
129.29
110.43
121.82
108.39
116.93
137.27
106.50
119.32
103.14
109.08
116.00
121.41
94.68
107.91
128.75
102.00
123.45
111.16
118.48
123.27
105.38
117.84
99.21
118.68
121.53
91.65
104.45
106.65
109.61
132.00
102.26
124.77
109.67
110.38
116.10
108.50
126.37
73.00
104.96
134.47
100.31
123.69
115.27
102.00
114.23
111.28
106.69
104.90
103.54
110.13
117.11
127.25
103.22
123.27
128.72
104.00
83.00
115.32
118.07
123.90
66.35
122.40
127.93
111.61
124.61
113.82
117.25
111.20
120.72
117.83
116.43
104.93
114.87
119.38
109.21
117.00
83.93
104.45
127.97
111.38
104.96
124.57
124.81
112.75
121.55
97.77
109.68
129.25
81.93
125.93
106.84
110.84
111.65
127.52
107.93
102.35
106.27
121.98
121.61
90.80
98.77
105.93
116.91
122.40
125.57
112.67
108.66
111.89
119.12
111.92
121.29
83.93
107.37
125.70
120.98
107.62
111.50
125.66
118.47
119.62
106.87
122.87
120.91
101.65
124.42
112.91
86.50
105.56
105.71
130.56
107.62
125.97
102.99
126.30
120.93
103.21
120.80
117.40
107.76
120.25
107.03
122.33
116.02
90.50
104.87
119.16
90.58
112.09
123.06
116.23
101.10
122.91
124.73
112.22
103.88
114.00
117.96
119.08
92.70
95.18
107.14
128.36
113.86
115.16
128.80
102.69
137.31
103.72
106.00
125.46
111.99
97.00
105.02
110.90
124.00
111.16
125.82
128.94
113.34
109.21
117.64
123.66
119.96
120.50
114.80
100.27
125.60
116.00
109.09
110.32
104.74
108.01
104.93
111.25
123.72
119.27
124.54
108.93
119.41
118.11
115.37
103.40
113.84
127.61
109.47
118.67
80.99
114.93
116.46
115.20
107.73
121.44
112.58
104.99
121.53
107.00
108.50
88.10
83.70
120.36
92.99
109.12
84.11
111.70
97.87
100.68
107.77
107.77
109.48
113.97
95.44
117.50
104.25
100.27
115.00
91.61
84.09
105.71
120.88
108.34
92.88
128.53
112.16
104.62
90.75
128.06
103.98
104.69
119.09
105.94
95.00
104.70
117.75
110.74
109.94
77.00
84.07
96.43
116.79
101.00
101.46
114.11
104.61
104.91
107.93
97.43
105.56
107.76
110.99
102.89
98.96
115.39
107.20
88.76
100.43
108.98
107.22
106.70
96.47
115.41
104.14
106.16
104.43
102.00
93.64
111.20
99.40
107.00
110.85
107.91
84.20
85.93
110.78
98.23
97.15
113.44
107.15
100.72
115.98
110.02
94.96
104.68
111.20
103.82
72.08
118.43
105.87
104.68
117.50
106.59
110.12
114.09
103.88
106.07
115.37
110.23
97.27
112.37
112.60
104.04
106.41
102.96
114.08
95.17
101.00
104.84
101.43
113.10
94.17
110.50
107.00
106.34
112.23
107.91
117.15
96.25
103.83
115.59
107.50
116.50
108.00
100.86
84.04
104.87
104.88
102.24
111.21
117.57
98.75
111.27
104.45
106.94
117.07
97.85
107.53
111.21
115.70
79.68
87.79
104.15
122.75
98.95
94.72
124.27
104.14
96.51
112.40
121.06
112.38
104.06
113.10
106.28
82.33
103.03
92.93
129.00
101.05
118.66
101.50
115.97
110.31
105.24
116.20
112.05
100.31
116.66
105.55
106.58
73.58
103.84
104.43
107.12
97.46
117.98
117.16
109.46
103.43
122.55
98.11
104.51
129.16
101.73
109.51
103.43
115.07
112.23
101.61
113.09
101.22
106.12
109.16
110.36
122.23
82.27
84.20
113.33
124.17
105.00
107.93
111.09
98.47
121.13
95.29
112.40
113.10
96.82
122.95
111.28
104.71
120.77
78.50
84.20
115.98
115.07
104.20
105.89
77.04
114.77
97.62
113.20
103.25
111.29
115.82
110.87
82.59
104.24
93.11
110.15
118.29
107.61
105.39
112.02
121.25
108.95
115.31
97.92
116.00
110.75
97.23
122.66
92.45
115.65
84.90
97.93
113.58
110.73
117.71
107.75
101.75
115.98
107.59
109.97
115.25
114.13
104.80
107.00
98.35
113.93
113.52
113.54
66.60
99.43
111.43
126.33
89.14
122.04
110.90
100.88
106.73
113.88
112.94
117.91
92.49
117.06
116.20
101.50
112.55
105.33
106.89
104.59
89.90
117.19
99.90
113.23
107.91
101.50
113.14
103.27
105.03
112.04
106.93
126.61
67.33
119.64
100.30
98.69
108.29
120.42
106.88
111.18
98.26
112.41
128.09
103.70
104.07
97.95
94.01
116.46
109.91
96.10
76.77
112.85
126.55
105.33
108.00
122.34
103.78
107.00
128.99
112.24
109.32
107.72
111.75
107.83
107.46
103.46
112.50
113.72
110.54
77.21
105.43
112.18
104.88
121.83
106.13
120.81
108.09
106.70
114.34
110.66
112.25
106.69
105.07
112.97
111.93
101.46
105.10
104.88
105.41
114.25
101.84
99.47
114.10
110.91
105.25
104.60
107.90
116.45
107.66
100.32
103.00
125.43
81.46
105.29
94.59
118.76
105.76
102.45
108.96
110.82
106.10
106.73
105.67
122.69
103.84
104.35
113.04
100.58
118.61
77.97
104.98
106.00
125.11
94.00
117.97
119.20
86.18
105.64
114.41
120.50
105.27
101.74
99.89
127.14
105.12
101.23
103.82
118.12
113.93
83.57
84.17
105.06
127.86
111.31
107.68
100.33
111.92
107.51
117.71
110.32
99.55
112.25
123.95
113.73
93.92
113.01
100.99
106.87
113.68
115.75
72.26
103.66
106.97
106.16
114.25
104.44
115.46
112.32
103.73
95.67
127.08
100.02
101.17
118.49
112.16
102.97
105.19
112.76
83.91
93.28
106.93
89.03
112.25
110.75
106.05
111.75
102.95
109.27
113.66
110.96
101.67
79.27
99.71
102.49
110.66
106.10
117.84
116.72
103.04
124.41
98.91
109.59
105.04
113.45
90.40
104.91
84.10
127.73
98.52
115.01
108.86
96.43
121.19
116.00
101.44
107.07
100.70
106.54
107.34
119.66
98.74
122.05
97.68
115.45
112.68
91.84
123.22
100.50
104.58
108.57
103.96
99.93
105.41
117.84
109.86
120.39
107.00
104.62
116.55
116.72
103.53
103.92
119.72
111.22
100.00
115.46
85.93
117.66
105.49
95.51
83.91
112.97
104.43
111.00
103.37
108.61
70.53
127.46
105.10
95.53
122.43
102.17
100.35
98.77
103.34
90.18
107.87
120.20
109.06
116.79
109.97
107.27
112.44
110.62
108.27
98.45
110.94
116.91
106.50
105.48
86.50
105.41
104.51
120.81
101.93
111.00
111.50
118.70
109.02
121.10
96.60
113.99
108.16
115.30
114.13
88.01
117.48
114.54
101.43
115.72
84.49
105.20
122.18
101.01
120.00
100.62
122.77
103.01
112.94
112.59
101.52
100.75
105.72
114.05
113.62
110.01
87.47
101.86
117.73
100.58
119.25
108.62
97.00
105.88
85.43
115.38
103.39
106.55
99.98
105.64
107.76
108.50
115.50
122.00
106.62
101.94
117.31
85.61
98.29
96.46
111.51
112.00
107.21
108.56
110.28
128.70
78.00
117.57
96.05
118.06
109.83
97.75
120.50
106.38
74.97
104.46
84.44
113.64
99.57
112.52
129.38
110.49
114.76
101.50
126.60
104.67
109.91
106.88
106.94
106.95
103.52
115.77
108.97
74.20
97.70
109.33
78.49
119.53
103.31
112.08
117.70
112.45
90.48
120.51
116.10
106.07
118.94
102.39
99.78
113.18
83.85
105.45
111.99
100.39
115.48
100.12
97.76
112.27
111.58
107.61
118.11
96.71
120.39
105.73
96.36
109.25
88.21
91.58
112.95
89.66
112.26
102.60
119.00
106.00
112.60
125.05
93.63
118.76
110.60
112.04
102.35
108.42
111.04
110.77
112.71
81.05
105.45
86.41
124.91
89.85
119.59
118.15
112.46
111.02
97.62
133.77
104.80
106.01
121.20
108.54
96.05
106.00
117.46
92.16
84.68
104.42
109.79
103.79
101.04
122.07
106.64
97.96
119.25
112.62
104.00
105.38
118.35
109.93
114.00
107.64
106.09
108.20
118.36
92.36
111.36
71.71
105.24
89.40
112.98
115.95
99.17
102.75
106.40
100.73
103.91
116.73
104.39
104.70
87.32
105.32
114.63
73.50
101.53
93.90
101.05
100.75
88.25
109.53
118.78
107.47
107.34
85.94
112.52
120.05
106.81
97.82
100.46
102.27
76.52
105.06
99.85
106.94
111.73
124.59
100.97
117.00
89.28
123.48
108.00
122.67
94.83
117.62
104.59
107.07
70.32
105.01
104.99
100.62
105.06
106.00
110.44
102.37
120.59
113.63
101.55
119.40
110.16
97.96
125.72
105.08
114.22
112.51
105.77
116.16
112.17
114.98
109.51
101.44
115.01
107.55
98.47
73.51
94.41
114.70
110.65
99.98
113.25
104.45
104.26
111.95
97.04
118.69
109.31
105.98
91.72
100.92
117.41
70.48
102.45
97.61
94.95
103.57
109.15
114.50
99.60
110.74
120.60
106.78
119.53
103.86
99.46
106.00
91.43
84.08
105.23
100.99
115.91
96.88
112.73
100.59
124.27
110.47
108.91
102.86
111.55
100.31
111.76
115.10
117.39
97.95
117.90
94.89
110.54
106.43
94.78
108.75
75.26
105.69
111.20
115.19
105.66
113.34
114.59
98.46
98.96
103.81
111.63
110.35
104.94
116.68
98.64
99.38
104.00
112.50
74.73
100.45
105.28
118.26
105.01
108.25
91.56
115.52
101.05
113.66
96.82
105.52
103.00
117.52
97.82
93.99
118.50
83.95
88.69
100.35
98.19
95.32
86.00
104.55
100.60
113.74
113.22
110.69
112.90
101.48
106.03
113.00
98.80
89.41
93.39
105.46
117.00
105.51
102.14
124.09
100.01
108.50
98.53
112.96
107.03
97.80
117.16
106.33
116.66
102.69
123.01
96.57
96.74
120.60
75.77
83.91
105.45
113.19
94.30
114.02
116.51
98.97
112.73
104.65
91.98
102.47
113.11
110.78
115.94
110.45
95.18
108.29
86.08
100.50
63.51
114.45
110.48
100.52
100.97
105.32
111.59
110.78
93.15
105.91
118.33
101.40
106.01
110.00
122.24
109.37
103.46
107.28
101.03
98.23
100.63
93.91
108.38
94.72
82.69
124.94
106.11
102.84
114.57
114.41
105.56
108.23
119.45
97.38
110.59
101.95
78.48
89.45
114.91
108.44
122.25
101.22
117.93
88.41
123.95
99.13
101.44
118.59
107.44
119.84
110.42
105.95
116.18
105.77
110.18
102.31
109.89
84.57
94.24
95.48
112.11
109.00
99.00
98.68
101.33
123.30
87.97
106.37
111.78
112.91
116.83
116.50
113.00
102.39
108.26
96.01
112.60
74.73
84.00
100.15
118.27
107.95
90.50
108.24
107.32
99.09
108.54
108.50
89.31
121.85
112.44
107.21
111.54
110.62
114.50
98.80
86.39
87.39
105.77
112.45
102.33
112.96
107.39
99.84
121.20
102.75
113.00
95.36
108.46
83.26
106.45
104.87
96.85
101.43
100.49
111.75
112.17
113.34
99.75
110.03
103.21
105.52
107.68
111.58
107.45
109.54
120.52
104.38
98.39
110.68
97.07
82.18
109.76
109.95
118.66
96.98
93.98
104.91
108.06
109.98
96.70
113.45
112.55
110.92
110.51
100.06
109.96
107.52
105.27
114.60
95.51
94.45
84.00
118.39
106.14
105.01
110.75
106.90
92.69
111.35
100.91
109.70
109.72
124.50
101.01
107.90
108.01
110.43
81.51
87.94
112.34
112.95
96.46
107.36
115.15
102.14
115.44
110.98
111.77
111.75
115.91
105.41
95.70
102.75
88.05
106.06
84.98
108.78
111.08
99.63
109.96
116.05
91.41
115.85
94.41
115.88
106.11
120.14
101.95
117.99
100.27
103.89
108.68
83.95
104.91
97.46
113.36
84.89
107.36
114.41
102.50
110.97
93.20
113.43
99.20
108.71
119.65
104.91
102.96
118.42
110.80
101.00
127.88
90.34
111.54
85.98
107.45
96.91
107.11
92.05
108.79
112.96
110.91
89.10
121.55
112.41
108.50
116.00
108.48
103.00
115.00
98.57
109.62
76.51
100.41
109.88
101.48
117.32
99.90
109.25
94.02
103.80
110.97
121.85
100.04
111.87
99.69
107.50
110.11
85.30
95.83
97.89
93.16
96.91
96.17
94.94
126.91
90.74
110.49
116.25
95.41
118.64
110.79
105.14
107.19
104.36
89.04
78.29
110.11
84.45
115.30
98.95
107.22
91.08
102.63
123.77
107.97
90.80
107.03
120.84
96.37
123.26
102.14
108.91
117.78
106.70
104.50
113.39
107.00
93.91
108.48
86.11
92.91
105.95
105.58
107.54
114.44
107.33
111.46
96.86
108.57
99.11
118.75
95.54
116.68
96.84
106.38
105.83
103.15
92.99
110.05
62.97
118.98
106.73
107.13
94.51
114.46
108.38
93.42
112.34
103.46
117.23
108.34
95.01
117.37
91.66
117.62
95.91
112.00
96.00
87.11
84.22
98.47
108.96
100.66
111.30
97.89
98.71
73.24
114.40
101.71
117.50
106.61
112.86
98.28
110.03
103.96
66.65
112.03
87.59
126.69
100.23
103.48
110.27
106.00
106.74
98.36
110.09
78.20
116.08
107.68
99.05
114.81
108.64
107.41
114.46
105.92
95.43
112.97
65.09
126.45
93.17
108.77
104.45
103.47
114.06
108.26
101.91
122.01
93.13
107.03
117.68
106.76
112.98
108.31
107.51
92.58
115.89
107.50
83.48
93.29
75.00
0.00
0.00
0.00
0.04
0.00
0.00
0.00
0.00
0.00
0.00
0.00
0.00
0.00
0.00
0.00
0.00
0.00
0.00
0.08
0.00
0.00
0.00
0.00
0.00
0.00
0.00
0.00
0.00
27.09
0.00
0.00
0.00
0.00
1.91
0.00
0.00
0.00
0.00
0.00
0.00
0.00
0.00
0.00
0.00
0.00
0.00
0.00
0.00
0.00
0.00
0.00
0.00
0.00
0.00
0.00
0.00
0.00
0.00
0.00
0.00
0.00
0.00
0.00
0.00
0.00
0.00
0.00
0.00
0.00
0.00
0.00
0.00
0.00
0.00
0.00
0.00
0.00
0.00
0.00
0.00
0.00
0.00
0.00
0.00
0.00
0.00
0.00
0.00
0.00
0.00
0.00
0.00
0.00
0.00
0.00
0.00
0.00
0.00
0.00
0.00
0.00
0.00
0.00
0.00
0.00
0.00
0.00
0.00
0.00
0.00
0.00
0.00
0.00
0.00
0.00
0.00
0.00
0.00
0.00
0.00
0.00
0.00
0.00
0.00
0.00
0.00
0.00
0.00
0.00
0.00
0.00
0.00
0.00
0.00
0.00
0.00
0.00
0.00
0.00
0.00
0.00
0.00
0.00
0.00
0.00
0.00
0.00
0.00
0.00
0.00
0.00
0.00
0.00
0.00
0.00
0.00
0.00
0.00
0.00
0.00
0.00
0.00
0.00
0.00
0.00
0.00
0.00
0.00
0.00
0.00
0.00
0.00
0.00
0.00
0.00
0.00
0.00
0.00
0.00
0.00
0.00
0.00
0.00
0.00
0.00
0.00
0.00
0.00
0.00
0.00
0.00
0.00
0.00
0.00
0.00
0.00
0.00
0.00
0.00
0.00
0.00
0.00
0.00
0.00
0.00
0.00
0.00
0.00
0.00
0.00
0.00
0.00
0.00
0.00
0.00
0.00
0.00
0.00
0.00
0.00
0.00
0.00
0.00
0.00
0.00
0.00
0.00
0.00
0.00
0.00
0.00
0.00
0.00
0.00
0.00
0.00
0.00
0.00
0.00
0.00
0.00
0.00
0.00
0.00
0.00
0.00
0.00
0.00
0.00
0.00
0.00
0.00
0.00
0.00
0.00
0.00
0.00
0.00
0.00
0.00
0.00
0.00
0.00
0.00
0.00
0.00
0.00
0.00
0.00
0.00
0.00
0.00
0.00
0.00
0.00
0.00
0.00
0.00
0.00
0.00
0.00
0.00
0.00
0.00
0.00
0.00
0.00
0.00
0.00
0.00
0.00
0.00
0.00
0.00
0.00
0.00
0.00
0.00
0.00
0.00
0.00
0.00
0.00
0.00
0.00
0.00
0.00
0.00
0.00
0.00
0.00
0.00
0.00
0.00
0.00
0.00
0.00
0.00
0.00
0.00
0.00
0.00
0.00
0.00
0.00
0.00
0.00
0.00
0.00
0.00
0.00
0.00
0.00
0.00
0.00
0.00
0.00
0.00
0.00
0.00
0.00
0.00
0.00
0.00
0.00
0.00
0.00
0.00
0.00
0.00
0.00
0.00
0.00
0.00
0.00
0.00
0.00
0.00
0.00
0.00
0.00
0.00
0.00
0.00
0.00
0.00
0.00
0.00
0.00
0.00
0.00
0.00
0.00
0.00
0.00
0.00
0.00
0.00
0.00
0.00
0.00
0.00
0.00
0.00
0.00
0.00
0.00
0.00
0.00
0.00
0.00
0.00
0.00
0.00
0.00
0.00
0.00
0.00
0.00
0.00
0.00
0.00
0.00
0.00
0.00
0.00
0.00
0.00
0.00
0.00
0.00
0.00
0.00
0.00
0.00
0.00
0.00
0.00
0.00
0.00
0.00
0.00
0.00
0.00
0.00
0.00
0.00
0.00
0.00
0.00
0.00
0.00
0.00
0.00
0.00
0.00
0.00
0.00
0.00
0.00
0.00
0.00
0.00
0.00
0.00
0.00
0.00
0.00
0.00
0.00
0.00
0.00
0.00
0.00
0.00
0.00
0.00
0.00
0.00
0.00
0.00
0.00
0.00
0.00
0.00
0.00
0.00
0.00
0.00
0.00
0.00
0.00
0.00
0.00
0.00
0.00
0.00
0.00
0.00
0.00
0.00
0.00
0.00
0.00
0.00
0.00
0.00
0.00
0.00
0.00
0.00
0.00
0.00
0.00
0.00
0.00
0.00
0.00
0.00
0.00
0.00
0.00
0.00
0.00
0.00
0.00
0.00
0.00
0.00
0.00
0.00
0.00
0.00
0.00
0.00
0.00
0.00
0.00
0.00
0.00
0.00
0.00
0.00
0.00
0.00
0.00
0.00
0.00
0.00
0.00
0.00
0.00
0.00
0.00
0.00
0.00
0.00
0.00
0.00
0.00
0.00
0.00
0.00
0.00
0.00
0.00
0.00
0.00
0.00
0.00
0.00
0.00
0.00
0.00
0.00
0.00
0.00
0.00
0.00
0.00
0.00
0.00
0.00
0.00
0.00
0.00
0.00
0.00
0.00
0.00
0.00
0.00
0.00
0.00
0.00
0.00
0.00
0.00
0.00
0.00
0.00
0.00
0.00
0.00
0.00
0.00
0.00
0.00
0.00
0.00
0.00
0.00
0.00
0.00
0.00
0.00
0.00
0.00
0.00
0.00
0.00
0.00
0.00
0.00
0.00
0.00
0.00
0.00
0.00
0.00
0.00
0.00
0.00
0.00
0.00
0.00
0.00
0.00
0.00
0.00
0.00
0.00
0.00
0.00
0.00
0.00
0.00
0.00
0.00
0.00
0.00
0.00
0.00
0.00
0.00
0.00
0.00
0.00
0.00
0.00
0.00
0.00
0.00
0.00
0.00
0.00
0.00
0.00
0.00
0.00
0.00
0.00
0.00
0.00
0.00
0.00
0.00
0.00
0.00
0.00
0.00
0.00
0.00
0.00
0.00
0.00
0.00
0.00
0.00
0.00
0.00
0.00
0.00
0.00
0.00
0.00
0.00
0.00
0.00
0.00
0.00
0.00
0.00
0.00
0.00
0.00
0.00
0.00
0.00
0.00
0.00
0.00
0.00
0.00
0.00
0.00
0.00
0.00
0.00
0.00
0.00
0.00
0.00
0.00
0.00
0.00
0.00
0.00
0.00
0.00
0.00
0.00
0.00
0.00
0.00
0.00
0.00
0.00
0.00
0.00
0.00
0.00
0.00
0.00
0.00
0.00
0.00
0.00
0.00
0.00
0.00
0.00
0.00
0.00
0.00
0.00
0.00
0.00
0.00
0.00
0.00
0.00
0.00
0.00
0.00
0.00
0.00
0.00
0.00
0.00
0.00
0.00
0.00
0.00
0.00
0.00
0.00
0.00
0.00
0.00
0.00
0.00
0.00
0.00
0.00
0.00
0.00
0.00
0.00
0.00
0.00
0.00
0.00
0.00
0.00
0.00
0.00
0.00
0.00
0.00
0.00
0.00
0.00
0.00
0.00
0.00
0.00
0.00
0.00
0.00
0.00
0.00
0.00
0.00
0.00
0.00
0.00
0.00
0.00
0.00
0.00
0.00
0.00
0.00
0.00
0.00
0.00
0.00
0.00
0.00
0.00
0.00
0.00
0.00
0.00
0.00
0.00
0.00
0.00
0.00
0.00
0.00
0.00
0.00
0.00
0.00
0.00
0.00
0.00
0.00
0.00
0.00
0.00
0.00
0.00
0.00
0.00
0.00
0.00
0.00
0.00
0.00
0.00
0.00
0.00
0.00
0.00
0.00
0.00
0.00
0.00
0.00
0.00
0.00
0.00
0.00
0.00
0.00
0.00
0.00
0.00
0.00
0.00
0.00
0.00
0.00
0.00
0.00
0.00
0.00
0.00
0.00
0.00
0.00
0.00
0.00
0.00
0.00
0.00
0.00
0.00
0.00
0.00
0.00
0.00
0.00
0.00
0.00
0.00
0.00
0.00
0.00
0.00
0.00
0.00
0.00
0.00
0.00
0.00
0.00
0.00
0.00
0.00
0.00
0.00
0.00
0.00
0.00
0.00
0.00
0.00
0.00
0.00
0.00
0.00
0.00
0.00
0.00
0.00
0.00
0.00
0.00
0.00
0.00
0.00
0.00
0.00
0.00
0.00
0.00
0.00
0.00
0.00
0.00
0.00
0.00
0.00
0.00
0.00
0.00
0.00
0.00
0.00
0.00
0.00
0.00
0.00
0.00
0.00
0.00
0.00
0.00
0.00
0.00
0.00
0.00
0.00
0.00
0.00
0.00
0.00
0.00
0.00
0.00
0.00
0.00
0.00
0.00
0.00
0.00
0.00
0.00
0.00
0.00
0.00
0.00
0.00
0.00
0.00
0.00
0.00
0.00
0.00
0.00
0.00
0.00
0.00
0.00
0.00
0.00
0.00
0.00
0.00
0.00
0.00
0.00
0.00
0.00
0.00
0.00
0.00
0.00
0.00
0.00
0.00
0.00
0.00
0.00
0.00
0.00
0.00
0.00
0.00
0.00
0.00
0.00
0.00
0.00
0.00
0.00
0.00
0.00
0.00
0.00
0.00
0.00
0.00
0.00
0.00
0.00
0.00
0.00
0.00
0.00
0.00
0.00
0.00
0.00
0.00
0.00
0.00
0.00
0.00
0.00
0.00
0.00
0.00
0.00
0.00
0.00
0.00
0.00
0.00
0.00
0.00
0.00
0.00
0.00
0.00
0.00
0.00
0.00
0.00
0.00
0.00
0.00
0.00
0.00
0.00
0.00
0.00
0.00
0.00
0.00
0.00
0.00
0.00
0.00
0.00
0.00
0.00
0.00
0.00
0.00
0.00
0.00
0.00
0.00
0.00
0.00
0.00
0.00
0.00
0.00
0.00
0.00
0.00
0.00
0.00
0.00
0.00
0.00
0.00
0.00
0.00
0.00
0.00
0.00
0.00
0.00
0.00
0.00
0.00
0.00
0.00
0.00
0.00
0.00
0.00
0.00
0.00
0.00
0.00
0.00
0.00
0.00
0.00
0.00
0.00
0.00
0.00
0.00
0.00
0.00
0.00
0.00
0.00
0.00
0.00
0.00
0.00
0.00
0.00
0.00
0.00
0.00
0.00
0.00
0.00
0.00
0.00
0.00
0.00
0.00
0.00
0.00
0.00
0.00
0.00
0.00
0.00
0.00
0.00
0.00
0.00
0.00
0.00
0.00
0.00
0.00
0.00
0.00
0.00
0.00
0.00
0.00
0.00
0.00
0.00
0.00
0.00
0.00
0.00
0.00
0.00
0.00
0.00
0.00
0.00
0.00
0.00
0.00
0.00
0.00
0.00
0.00
0.00
0.00
0.00
0.00
0.00
0.00
0.00
0.00
0.00
0.00
0.00
0.00
0.00
0.00
0.00
0.00
0.00
0.00
0.00
0.00
0.00
0.00
0.00
0.00
0.00
0.00
0.00
0.00
0.00
0.00
0.00
0.00
0.00
0.00
0.00
0.00
0.00
0.00
0.00
0.00
0.00
0.00
0.00
0.00
0.00
0.00
0.00
0.00
0.00
0.00
0.00
0.00
0.00
0.00
0.00
0.00
0.00
0.00
0.00
0.00
0.00
0.00
0.00
0.00
0.00
0.00
0.00
0.00
0.00
0.00
0.00
0.00
0.00
0.00
0.00
0.00
0.00
0.00
0.00
0.00
0.00
0.00
0.00
0.00
0.00
0.00
0.00
0.00
0.00
0.00
0.00
0.00
0.00
0.00
0.00
0.00
0.00
0.00
0.00
0.00
0.00
0.00
0.00
0.00
0.00
0.00
0.00
0.00
0.00
0.00
0.00
0.00
0.00
0.00
0.00
0.00
0.00
0.00
0.00
0.00
0.00
0.00
0.00
0.00
0.00
0.00
0.00
0.00
0.00
0.00
0.00
0.00
0.00
0.00
0.00
0.00
0.00
0.00
0.00
0.00
0.00
0.00
0.00
0.00
0.00
0.00
0.00
0.00
0.00
0.00
0.00
0.00
0.00
0.00
0.00
0.00
0.00
0.00
0.00
0.00
0.00
0.00
0.00
0.00
0.00
0.00
0.00
0.00
0.00
0.00
0.00
0.00
0.00
0.00
0.00
0.00
0.00
0.00
0.00
0.00
0.00
0.00
0.00
0.00
0.00
0.00
0.00
0.00
0.00
0.00
0.00
0.00
0.00
0.00
0.00
0.00
0.00
0.00
0.00
0.00
0.00
0.00
0.00
0.00
0.00
0.00
0.00
0.00
0.00
0.00
0.00
0.00
0.00
0.00
0.00
0.00
0.00
0.00
0.00
0.00
0.00
0.00
0.00
0.00
0.00
0.00
0.00
0.00
0.00
0.00
0.00
0.00
0.00
0.00
0.00
0.00
0.00
0.00
0.00
0.00
0.00
0.00
0.00
0.00
0.00
0.00
0.00
0.00
0.00
0.00
0.00
0.00
0.00
0.00
0.00
0.00
0.00
0.00
0.00
0.00
0.00
0.00
0.00
0.00
0.00
0.00
0.00
0.00
0.00
0.00
0.00
0.00
0.00
0.00
0.00
0.00
0.00
0.00
0.00
0.00
0.00
0.00
0.00
0.00
0.00
0.00
0.00
0.00
0.00
0.00
0.00
0.00
0.00
0.00
0.00
0.00
0.00
0.00
0.00
0.00
0.00
0.00
0.00
0.00
0.00
0.00
0.00
0.00
0.00
0.00
0.00
0.00
0.00
0.00
0.00
0.00
0.00
0.00
0.00
0.00
0.00
0.00
0.00
0.00
0.00
0.00
0.00
0.00
0.00
0.00
0.00
0.00
0.00
0.00
0.00
0.00
0.00
0.00
0.00
0.00
0.00
0.00
0.00
0.00
0.00
0.00
0.00
0.00
0.00
0.00
0.00
0.00
0.00
0.00
0.00
0.00
0.00
0.00
0.00
0.00
0.00
0.00
0.00
0.00
0.00
0.00
0.00
0.00
0.00
0.00
0.00
0.00
0.00
0.00
0.00
0.00
0.00
0.00
0.00
0.00
0.00
0.00
0.00
0.00
0.00
0.00
0.00
0.00
0.00
0.00
0.00
0.00
0.00
0.00
0.00
0.00
0.00
0.00
0.00
0.00
0.00
0.00
0.00
0.00
0.00
0.00
0.00
0.00
0.00
0.00
0.00
0.00
0.00
0.00
0.00
0.00
0.00
0.00
0.00
0.00
0.00
0.00
0.00
0.00
0.00
0.00
0.00
0.00
0.00
0.00
0.00
0.00
0.00
0.00
0.00
0.00
0.00
0.00
0.00
0.00
0.00
0.00
0.00
0.00
0.00
0.00
0.00
0.00
0.00
0.00
0.00
0.00
0.00
0.00
0.00
0.00
0.00
0.00
0.00
0.00
0.00
0.00
0.00
0.00
0.00
0.00
0.00
0.00
0.00
0.00
0.00
0.00
0.00
0.00
0.00
0.00
0.00
0.00
0.00
0.00
0.00
0.00
0.00
0.00
0.00
0.00
0.00
0.00
0.00
0.00
0.00
0.00
0.00
0.00
0.00
0.00
0.00
0.00
